Timestamp,User Count,Type,Name,Requests/s,Failures/s,50%,66%,75%,80%,90%,95%,98%,99%,99.9%,99.99%,100%,Total Request Count,Total Failure Count,Total Median Response Time,Total Average Response Time,Total Min Response Time,Total Max Response Time,Total Average Content Size
1609860140,1,,Aggregated,0.000000,0.000000,N/A,N/A,N/A,N/A,N/A,N/A,N/A,N/A,N/A,N/A,N/A,0,0,0,0,0,0,0
1609860141,10,GET,/files/view/100000000KB?id=0,0.000000,0.000000,12,13,14,16,16,16,16,16,16,16,16,10,10,12,11.393561600561952,4.052174001117237,15.818027000932489,34.0
1609860141,10,GET,/files/view/100000000KB?id=1,0.000000,0.000000,5,6,6,7,8,8,8,8,8,8,8,10,10,5,5.240748400137818,2.3377779998554615,8.138911000060034,34.0
1609860141,10,GET,/files/view/100000000KB?id=10,0.000000,0.000000,6,6,8,9,9,9,9,9,9,9,9,9,9,6,5.583594666354151,1.569210000525345,8.799670000371407,34.0
1609860141,10,GET,/files/view/100000000KB?id=11,0.000000,0.000000,5,6,6,6,9,9,9,9,9,9,9,9,9,5,4.963376888756304,1.8797270004142774,8.579855999414576,34.0
1609860141,10,GET,/files/view/100000000KB?id=12,0.000000,0.000000,5,5,8,9,10,10,10,10,10,10,10,9,9,5,5.636801666494446,1.6054850002547028,10.14609800040489,34.0
1609860141,10,GET,/files/view/100000000KB?id=13,0.000000,0.000000,5,5,6,6,9,9,9,9,9,9,9,9,9,5,4.779618443838747,1.5914809991954826,9.19626599898038,34.0
1609860141,10,GET,/files/view/100000000KB?id=14,0.000000,0.000000,6,7,10,10,10,10,10,10,10,10,10,9,9,6,6.075721667002654,1.5577650010527577,9.723827000925667,34.0
1609860141,10,GET,/files/view/100000000KB?id=15,0.000000,0.000000,6,6,6,7,9,9,9,9,9,9,9,9,9,6,5.128978555553153,2.0813089995499467,8.615721000751364,34.0
1609860141,10,GET,/files/view/100000000KB?id=16,0.000000,0.000000,6,7,9,10,11,11,11,11,11,11,11,9,9,6,6.2695489998279506,1.6122630004247185,10.89258600040921,34.0
1609860141,10,GET,/files/view/100000000KB?id=17,0.000000,0.000000,6,6,6,7,8,8,8,8,8,8,8,9,9,6,5.181329333330116,2.9126139997970313,7.982499000718235,34.0
1609860141,10,GET,/files/view/100000000KB?id=18,0.000000,0.000000,6,7,8,10,10,10,10,10,10,10,10,9,9,6,6.22362844458419,2.3195170015242184,10.261363999234163,34.0
1609860141,10,GET,/files/view/100000000KB?id=19,0.000000,0.000000,6,6,6,7,9,9,9,9,9,9,9,9,9,6,5.504952666847708,2.520300000469433,8.65450000128476,34.0
1609860141,10,GET,/files/view/100000000KB?id=2,0.000000,0.000000,8,9,9,10,11,11,11,11,11,11,11,10,10,7,6.842903299911995,2.0684060000348836,10.640577000231133,34.0
1609860141,10,GET,/files/view/100000000KB?id=20,0.000000,0.000000,6,7,9,9,10,10,10,10,10,10,10,9,9,6,6.422706110849201,2.2851209996588295,10.144408000996918,34.0
1609860141,10,GET,/files/view/100000000KB?id=21,0.000000,0.000000,6,6,7,7,8,8,8,8,8,8,8,9,9,6,5.651503888455206,2.618964999783202,8.355685999049456,34.0
1609860141,10,GET,/files/view/100000000KB?id=22,0.000000,0.000000,6,6,10,10,11,11,11,11,11,11,11,8,8,5,5.936632875318537,2.763896000033128,10.575889000392635,34.0
1609860141,10,GET,/files/view/100000000KB?id=23,0.000000,0.000000,6,7,7,7,8,8,8,8,8,8,8,8,8,5,5.350357125280425,2.5144379997072974,8.33920799959742,34.0
1609860141,10,GET,/files/view/100000000KB?id=24,0.000000,0.000000,6,7,9,9,10,10,10,10,10,10,10,8,8,5,5.730522374733482,2.038000999164069,9.576675998687278,34.0
1609860141,10,GET,/files/view/100000000KB?id=25,0.000000,0.000000,6,7,8,8,9,9,9,9,9,9,9,8,8,5,5.504438749994733,1.6844250003487105,8.522658999936539,34.0
1609860141,10,GET,/files/view/100000000KB?id=26,0.000000,0.000000,5,6,8,8,11,11,11,11,11,11,11,8,8,5,5.609962999869822,1.9461709998722654,10.62466300027154,34.0
1609860141,10,GET,/files/view/100000000KB?id=27,0.000000,0.000000,6,6,7,7,8,8,8,8,8,8,8,8,8,5,5.266326999617377,1.8284600009792484,8.217991999117658,34.0
1609860141,10,GET,/files/view/100000000KB?id=28,0.000000,0.000000,6,6,9,9,11,11,11,11,11,11,11,8,8,5,6.009276999748181,1.8952600003103726,11.425921999034472,34.0
1609860141,10,GET,/files/view/100000000KB?id=29,0.000000,0.000000,5,6,8,8,8,8,8,8,8,8,8,8,8,5,5.118462249811273,1.7679979991953587,8.378451000680798,34.0
1609860141,10,GET,/files/view/100000000KB?id=3,0.000000,0.000000,6,6,7,7,8,8,8,8,8,8,8,10,10,5,5.423053699814773,1.8174300003011012,8.414742000240949,34.0
1609860141,10,GET,/files/view/100000000KB?id=30,0.000000,0.000000,6,6,10,10,11,11,11,11,11,11,11,8,8,5,5.849329874763498,1.834160000726115,11.080042999310535,34.0
1609860141,10,GET,/files/view/100000000KB?id=31,0.000000,0.000000,6,6,8,8,9,9,9,9,9,9,9,8,8,6,5.548359124986746,1.7923369996424299,9.105819999604137,34.0
1609860141,10,GET,/files/view/100000000KB?id=32,0.000000,0.000000,6,7,7,7,10,10,10,10,10,10,10,8,8,5,5.628984875329479,1.6933599999902071,9.882285999992746,34.0
1609860141,10,GET,/files/view/100000000KB?id=33,0.000000,0.000000,6,7,9,9,9,9,9,9,9,9,9,8,8,6,5.994181874939386,1.6972649991657818,9.107366000534967,34.0
1609860141,10,GET,/files/view/100000000KB?id=34,0.000000,0.000000,7,7,7,7,10,10,10,10,10,10,10,8,8,5,5.870067249816202,1.7672119993221713,9.847082999840495,34.0
1609860141,10,GET,/files/view/100000000KB?id=35,0.000000,0.000000,6,6,7,7,8,8,8,8,8,8,8,8,8,6,5.581362249813537,1.900408000437892,7.923085999209434,34.0
1609860141,10,GET,/files/view/100000000KB?id=36,0.000000,0.000000,6,7,8,8,9,9,9,9,9,9,9,7,7,6,5.597673428253204,1.8294969995622523,9.454994000407169,34.0
1609860141,10,GET,/files/view/100000000KB?id=37,0.000000,0.000000,6,7,8,8,8,8,8,8,8,8,8,7,7,6,5.626227142524191,1.7288510007347213,8.137444998283172,34.0
1609860141,10,GET,/files/view/100000000KB?id=38,0.000000,0.000000,5,6,8,8,9,9,9,9,9,9,9,7,7,5,5.582581714146987,2.0172760014247615,9.422900999197736,34.0
1609860141,10,GET,/files/view/100000000KB?id=39,0.000000,0.000000,6,6,7,7,9,9,9,9,9,9,9,7,7,6,6.016594285548698,3.1710209987068083,9.283373001380824,34.0
1609860141,10,GET,/files/view/100000000KB?id=4,0.000000,0.000000,7,8,9,10,10,10,10,10,10,10,10,10,10,6,6.5237246999458876,1.7901020000863355,10.286742000971572,34.0
1609860141,10,GET,/files/view/100000000KB?id=40,0.000000,0.000000,7,7,7,7,12,12,12,12,12,12,12,7,7,7,6.138670286288418,3.2310360002156813,11.84657300109393,34.0
1609860141,10,GET,/files/view/100000000KB?id=41,0.000000,0.000000,6,7,7,7,7,7,7,7,7,7,7,7,7,6,5.672863285976097,3.0066680010349955,7.1880260002217256,34.0
1609860141,10,GET,/files/view/100000000KB?id=42,0.000000,0.000000,7,7,8,8,11,11,11,11,11,11,11,7,7,7,6.630201142667959,3.6867869985144353,11.238955999942846,34.0
1609860141,10,GET,/files/view/100000000KB?id=43,0.000000,0.000000,6,7,7,7,8,8,8,8,8,8,8,7,7,6,5.943384714035866,3.4591939984238707,7.618799001647858,34.0
1609860141,10,GET,/files/view/100000000KB?id=44,0.000000,0.000000,6,7,8,8,11,11,11,11,11,11,11,7,7,6,6.521158571298916,4.163431000051787,11.350335998940864,34.0
1609860141,10,GET,/files/view/100000000KB?id=45,0.000000,0.000000,6,7,7,7,8,8,8,8,8,8,8,7,7,6,6.196856285636646,4.165604999798234,7.960303000800195,34.0
1609860141,10,GET,/files/view/100000000KB?id=46,0.000000,0.000000,5,7,8,8,10,10,10,10,10,10,10,7,7,5,5.783390285484659,3.1010429993330035,9.627381999962381,34.0
1609860141,10,GET,/files/view/100000000KB?id=47,0.000000,0.000000,7,7,7,7,8,8,8,8,8,8,8,7,7,7,6.133496571627412,2.7216609996685293,7.6360130005923565,34.0
1609860141,10,GET,/files/view/100000000KB?id=48,0.000000,0.000000,5,7,8,8,8,8,8,8,8,8,8,7,7,5,5.527531857296708,2.7282150003884453,7.799689999956172,34.0
1609860141,10,GET,/files/view/100000000KB?id=49,0.000000,0.000000,7,7,8,8,9,9,9,9,9,9,9,7,7,7,6.2531054284461005,2.718673998970189,8.60765099969285,34.0
1609860141,10,GET,/files/view/100000000KB?id=5,0.000000,0.000000,5,5,6,7,7,7,7,7,7,7,7,10,10,5,5.189899399738351,2.317804999620421,7.436504998622695,34.0
1609860141,10,GET,/files/view/100000000KB?id=50,0.000000,0.000000,5,7,8,8,9,9,9,9,9,9,9,7,7,5,5.8366528573969845,3.174155001033796,9.15849699958926,34.0
1609860141,10,GET,/files/view/100000000KB?id=51,0.000000,0.000000,7,7,8,8,8,8,8,8,8,8,8,6,6,6,6.172713333702025,3.1409170005645137,8.264772999609704,34.0
1609860141,10,GET,/files/view/100000000KB?id=52,0.000000,0.000000,6,6,7,7,8,8,8,8,8,8,8,6,6,5,5.472039833875897,2.7701090002665296,8.01928300097643,34.0
1609860141,10,GET,/files/view/100000000KB?id=53,0.000000,0.000000,8,8,8,8,9,9,9,9,9,9,9,6,6,6,6.4425260000765165,2.8101030002289917,8.804769000562374,34.0
1609860141,10,GET,/files/view/100000000KB?id=54,0.000000,0.000000,6,6,7,7,8,8,8,8,8,8,8,6,6,5,5.717670333372856,2.849403001164319,7.826787999874796,34.0
1609860141,10,GET,/files/view/100000000KB?id=55,0.000000,0.000000,8,8,8,8,8,8,8,8,8,8,8,6,6,6,6.47758466675441,2.769142000033753,8.336254000823828,34.0
1609860141,10,GET,/files/view/100000000KB?id=56,0.000000,0.000000,6,6,8,8,10,10,10,10,10,10,10,6,6,5,6.0688649997852435,2.8773449994332623,9.50849499895412,34.0
1609860141,10,GET,/files/view/100000000KB?id=57,0.000000,0.000000,7,7,8,8,9,9,9,9,9,9,9,6,6,7,6.574176166698938,3.121794001344824,9.477749999859952,34.0
1609860141,10,GET,/files/view/100000000KB?id=58,0.000000,0.000000,7,7,7,7,9,9,9,9,9,9,9,6,6,6,6.1373160003010225,3.119958999377559,9.362437000163482,34.0
1609860141,10,GET,/files/view/100000000KB?id=59,0.000000,0.000000,7,7,7,7,10,10,10,10,10,10,10,6,6,6,6.460483333285083,3.362992998518166,9.545161999994889,34.0
1609860141,10,GET,/files/view/100000000KB?id=6,0.000000,0.000000,8,8,8,9,11,11,11,11,11,11,11,10,10,6,6.6087449000406195,1.8178899990743957,10.621388000799925,34.0
1609860141,10,GET,/files/view/100000000KB?id=60,0.000000,0.000000,7,7,7,7,9,9,9,9,9,9,9,6,6,6,5.954965666812011,2.7286040003673406,8.75244999951974,34.0
1609860141,10,GET,/files/view/100000000KB?id=61,0.000000,0.000000,8,8,8,8,10,10,10,10,10,10,10,6,6,7,6.647896166820526,2.6739990007627057,9.581638001691317,34.0
1609860141,10,GET,/files/view/100000000KB?id=62,0.000000,0.000000,7,7,7,7,8,8,8,8,8,8,8,6,6,6,5.630083666498346,2.9263129999890225,7.52481500057911,34.0
1609860141,10,GET,/files/view/100000000KB?id=63,0.000000,0.000000,9,9,9,9,9,9,9,9,9,9,9,6,6,6,6.6517745002177735,2.7992279992758995,9.161807000054978,34.0
1609860141,10,GET,/files/view/100000000KB?id=64,0.000000,0.000000,6,6,7,7,7,7,7,7,7,7,7,6,6,5,5.464900500252649,2.788646999761113,7.4891200001729885,34.0
1609860141,10,GET,/files/view/100000000KB?id=65,0.000000,0.000000,8,8,8,8,9,9,9,9,9,9,9,6,6,6,6.559955333917363,2.7051370016124565,9.078062001208309,34.0
1609860141,10,GET,/files/view/100000000KB?id=66,0.000000,0.000000,7,7,7,7,7,7,7,7,7,7,7,6,6,6,5.617173499861868,2.9683860011573415,7.360287998380954,34.0
1609860141,10,GET,/files/view/100000000KB?id=67,0.000000,0.000000,7,7,7,9,9,9,9,9,9,9,9,5,5,7,5.924930999753997,3.1010930015327176,8.741918998566689,34.0
1609860141,10,GET,/files/view/100000000KB?id=68,0.000000,0.000000,5,7,7,8,8,8,8,8,8,8,8,5,5,5,5.314254599943524,3.0672180000692606,8.007735999854049,34.0
1609860141,10,GET,/files/view/100000000KB?id=69,0.000000,0.000000,5,8,8,8,8,8,8,8,8,8,8,5,5,5,5.5581169996003155,2.7970149985776516,8.416816001044936,34.0
1609860141,10,GET,/files/view/100000000KB?id=7,0.000000,0.000000,5,6,6,7,7,7,7,7,7,7,7,10,10,5,4.871030499634799,1.832121999541414,7.142558999476023,34.0
1609860141,10,GET,/files/view/100000000KB?id=70,0.000000,0.000000,7,7,7,8,8,8,8,8,8,8,8,5,5,7,5.823554400558351,3.4219520002807258,7.6770800005760975,34.0
1609860141,10,GET,/files/view/100000000KB?id=71,0.000000,0.000000,5,8,8,8,8,8,8,8,8,8,8,5,5,5,5.9547781998844584,4.0923639990069205,8.439842000370845,34.0
1609860141,10,GET,/files/view/100000000KB?id=72,0.000000,0.000000,6,7,7,8,8,8,8,8,8,8,8,5,5,6,5.756976000338909,3.617547999965609,7.578272001410369,34.0
1609860141,10,GET,/files/view/100000000KB?id=73,0.000000,0.000000,6,7,7,9,9,9,9,9,9,9,9,5,5,6,6.222342800174374,3.987867001342238,9.050567001395393,34.0
1609860141,10,GET,/files/view/100000000KB?id=74,0.000000,0.000000,6,7,7,11,11,11,11,11,11,11,11,5,5,6,7.023022200155538,5.3435359986906406,11.492040001030546,34.0
1609860141,10,GET,/files/view/100000000KB?id=75,0.000000,0.000000,8,8,8,9,9,9,9,9,9,9,9,5,5,8,6.844226599787362,4.05263799984823,9.325786999397678,34.0
1609860141,10,GET,/files/view/100000000KB?id=76,0.000000,0.000000,6,7,7,11,11,11,11,11,11,11,11,5,5,6,7.060173200079589,5.358602000342216,11.050446000808734,34.0
1609860141,10,GET,/files/view/100000000KB?id=77,0.000000,0.000000,7,8,8,9,9,9,9,9,9,9,9,5,5,7,6.395801400140044,3.5879779989045346,8.567845001380192,34.0
1609860141,10,GET,/files/view/100000000KB?id=78,0.000000,0.000000,6,6,6,10,10,10,10,10,10,10,10,5,5,6,6.690755599993281,5.704676999812364,9.63685699935013,34.0
1609860141,10,GET,/files/view/100000000KB?id=79,0.000000,0.000000,7,8,8,8,8,8,8,8,8,8,8,5,5,7,6.352882000646787,3.9228660007211147,7.9560730009689,34.0
1609860141,10,GET,/files/view/100000000KB?id=8,0.000000,0.000000,7,7,8,8,9,9,9,9,9,9,9,10,10,6,5.897424599970691,1.7368369990435895,9.485586999289808,34.0
1609860141,10,GET,/files/view/100000000KB?id=80,0.000000,0.000000,6,7,7,9,9,9,9,9,9,9,9,5,5,6,6.553807399541256,5.020550999688567,9.312655998655828,34.0
1609860141,10,GET,/files/view/100000000KB?id=81,0.000000,0.000000,7,7,7,8,8,8,8,8,8,8,8,5,5,7,6.080621400178643,3.85997800003679,7.817776000592858,34.0
1609860141,10,GET,/files/view/100000000KB?id=82,0.000000,0.000000,6,7,7,7,7,7,7,7,7,7,7,5,5,6,6.499714600431616,5.544469000597019,7.027456000287202,34.0
1609860141,10,GET,/files/view/100000000KB?id=83,0.000000,0.000000,7,8,8,9,9,9,9,9,9,9,9,5,5,7,6.628174599973136,4.127063999476377,9.014475999720162,34.0
1609860141,10,GET,/files/view/100000000KB?id=84,0.000000,0.000000,7,7,7,7,7,7,7,7,7,7,7,4,4,6,6.242302250029752,5.001862999051809,7.178993999332306,34.0
1609860141,10,GET,/files/view/100000000KB?id=85,0.000000,0.000000,7,7,8,8,8,8,8,8,8,8,8,4,4,6,6.020033499680721,3.429620999668259,7.704024999839021,34.0
1609860141,10,GET,/files/view/100000000KB?id=86,0.000000,0.000000,6,6,9,9,9,9,9,9,9,9,9,4,4,5,6.219132750175049,4.878215000644559,8.646962000057101,34.0
1609860141,10,GET,/files/view/100000000KB?id=87,0.000000,0.000000,7,7,7,7,7,7,7,7,7,7,7,4,4,6,6.019442500473815,3.5497950011631474,7.306516999960877,34.0
1609860141,10,GET,/files/view/100000000KB?id=88,0.000000,0.000000,7,7,9,9,9,9,9,9,9,9,9,4,4,5,6.156327000553574,4.6907520008971915,8.605048000390525,34.0
1609860141,10,GET,/files/view/100000000KB?id=89,0.000000,0.000000,7,7,7,7,7,7,7,7,7,7,7,4,4,6,5.832053249832825,3.5613410000223666,7.135833999200258,34.0
1609860141,10,GET,/files/view/100000000KB?id=9,0.000000,0.000000,5,5,5,5,7,7,7,7,7,7,7,9,9,5,4.346724222260592,1.5546400009043282,7.23541200022737,34.0
1609860141,10,GET,/files/view/100000000KB?id=90,0.000000,0.000000,8,8,8,8,8,8,8,8,8,8,8,4,4,5.254937999779941,6.690591749247687,5.254937999779941,8.25627299855114,34.0
1609860141,10,GET,/files/view/100000000KB?id=91,0.000000,0.000000,7,7,7,7,7,7,7,7,7,7,7,4,4,7,6.387284500306123,4.1562879996490665,7.390557000690023,34.0
1609860141,10,GET,/files/view/100000000KB?id=92,0.000000,0.000000,8,8,9,9,9,9,9,9,9,9,9,4,4,6,7.327990499561565,5.796561999886762,8.82859999910579,34.0
1609860141,10,GET,/files/view/100000000KB?id=93,0.000000,0.000000,7,7,8,8,8,8,8,8,8,8,8,4,4,7,6.648934000168083,4.88313000096241,7.721699999819975,34.0
1609860141,10,GET,/files/view/100000000KB?id=94,0.000000,0.000000,9,9,11,11,11,11,11,11,11,11,11,4,4,7,8.412773749569169,6.865717999971821,10.667706999811344,34.0
1609860141,10,GET,/files/view/100000000KB?id=95,0.000000,0.000000,8,8,8,8,8,8,8,8,8,8,8,4,4,7,7.168316499701177,5.060886000137543,8.475905999148381,34.0
1609860141,10,GET,/files/view/100000000KB?id=96,0.000000,0.000000,9,9,9,9,9,9,9,9,9,9,9,4,4,7,7.804874000157724,6.133435999799985,9.298283999669366,34.0
1609860141,10,GET,/files/view/100000000KB?id=97,0.000000,0.000000,7,7,10,10,10,10,10,10,10,10,10,4,4,7,7.201097999313788,5.10438899982546,9.580883999660728,34.0
1609860141,10,GET,/files/view/100000000KB?id=98,0.000000,0.000000,9,9,10,10,10,10,10,10,10,10,10,4,4,7,7.951162499921338,5.919146000451292,9.980107999581378,34.0
1609860141,10,GET,/files/view/100000000KB?id=99,0.000000,0.000000,6,6,10,10,10,10,10,10,10,10,10,4,4,6,6.907307250003214,5.610477999653085,9.601288000339991,34.0
1609860141,10,,Aggregated,0.000000,0.000000,6,7,7,8,9,10,11,12,16,16,16,669,669,6,6.041429037350711,1.5546400009043282,15.818027000932489,34.0
1609860142,20,GET,/files/view/100000000KB?id=0,0.000000,0.000000,17,20,22,23,26,28,28,28,28,28,28,20,20,16,16.64042810034516,4.052174001117237,27.84107099978428,34.0
1609860142,20,GET,/files/view/100000000KB?id=1,0.000000,0.000000,8,8,9,9,11,14,14,14,14,14,14,20,20,7,7.393216849959572,2.3377779998554615,14.080086999456398,34.0
1609860142,20,GET,/files/view/100000000KB?id=10,0.000000,0.000000,10,12,13,15,18,19,19,19,19,19,19,18,18,9,9.796171444173119,1.569210000525345,18.90503600043303,34.0
1609860142,20,GET,/files/view/100000000KB?id=11,0.000000,0.000000,9,9,9,11,11,12,12,12,12,12,12,18,18,8,7.41513233313324,1.8797270004142774,12.419344000591082,34.0
1609860142,20,GET,/files/view/100000000KB?id=12,0.000000,0.000000,9,13,13,14,16,17,17,17,17,17,17,18,18,9,9.449944722089437,1.6054850002547028,17.187147999720764,34.0
1609860142,20,GET,/files/view/100000000KB?id=13,0.000000,0.000000,9,9,10,10,11,14,14,14,14,14,14,18,18,8,7.424824944185578,1.5914809991954826,13.943474999905447,34.0
1609860142,20,GET,/files/view/100000000KB?id=14,0.000000,0.000000,10,13,15,15,16,19,19,19,19,19,19,18,18,10,10.021829666887546,1.5577650010527577,19.116769999527605,34.0
1609860142,20,GET,/files/view/100000000KB?id=15,0.000000,0.000000,9,9,11,11,13,16,16,16,16,16,16,18,18,8,8.17486455535901,2.0813089995499467,16.383899999709683,34.0
1609860142,20,GET,/files/view/100000000KB?id=16,0.000000,0.000000,10,12,14,14,16,21,21,21,21,21,21,18,18,10,10.068717888922643,1.6122630004247185,20.744385999933,34.0
1609860142,20,GET,/files/view/100000000KB?id=17,0.000000,0.000000,8,10,10,11,14,14,14,14,14,14,14,17,17,8,7.940477647079045,2.9126139997970313,14.380558000993915,34.0
1609860142,20,GET,/files/view/100000000KB?id=18,0.000000,0.000000,9,11,13,14,16,16,16,16,16,16,16,17,17,9,9.45590423533063,2.3195170015242184,16.1597049991542,34.0
1609860142,20,GET,/files/view/100000000KB?id=19,0.000000,0.000000,8,10,10,11,13,15,15,15,15,15,15,17,17,8,8.058237412114977,2.520300000469433,14.760280000700732,34.0
1609860142,20,GET,/files/view/100000000KB?id=2,0.000000,0.000000,11,12,14,15,17,17,17,17,17,17,17,19,19,11,10.295556105311812,2.0684060000348836,17.35895099955087,34.0
1609860142,20,GET,/files/view/100000000KB?id=20,0.000000,0.000000,10,13,13,13,15,16,16,16,16,16,16,17,17,10,9.68101376448056,2.2851209996588295,15.572383999824524,34.0
1609860142,20,GET,/files/view/100000000KB?id=21,0.000000,0.000000,8,10,11,11,12,13,13,13,13,13,13,17,17,8,8.078144646788132,2.618964999783202,12.903716999062453,34.0
1609860142,20,GET,/files/view/100000000KB?id=22,0.000000,0.000000,11,13,14,14,17,18,18,18,18,18,18,17,17,11,10.097283764908378,2.763896000033128,17.981062999751884,34.0
1609860142,20,GET,/files/view/100000000KB?id=23,0.000000,0.000000,8,11,12,12,14,15,15,15,15,15,15,17,17,8,8.717358411719461,2.5144379997072974,15.050582000185386,34.0
1609860142,20,GET,/files/view/100000000KB?id=24,0.000000,0.000000,9,12,13,14,17,170,170,170,170,170,170,17,17,9,18.260675764502274,2.038000999164069,168.90767400036566,34.0
1609860142,20,GET,/files/view/100000000KB?id=25,0.000000,0.000000,10,11,12,12,14,14,14,14,14,14,14,16,16,9,8.627510687574613,1.6844250003487105,14.004455000758753,34.0
1609860142,20,GET,/files/view/100000000KB?id=26,0.000000,0.000000,10,11,12,12,16,18,18,18,18,18,18,16,16,8,9.190762124831053,1.9461709998722654,17.878470000141533,34.0
1609860142,20,GET,/files/view/100000000KB?id=27,0.000000,0.000000,9,12,13,13,13,15,15,15,15,15,15,16,16,8,8.8961341873528,1.8284600009792484,14.785072000449873,34.0
1609860142,20,GET,/files/view/100000000KB?id=28,0.000000,0.000000,9,11,12,12,15,17,17,17,17,17,17,16,16,9,8.878881187229126,1.8952600003103726,16.501963000337128,34.0
1609860142,20,GET,/files/view/100000000KB?id=29,0.000000,0.000000,8,11,13,13,13,15,15,15,15,15,15,16,16,8,8.59218487482849,1.7679979991953587,15.299549000701518,34.0
1609860142,20,GET,/files/view/100000000KB?id=3,0.000000,0.000000,7,8,10,10,13,13,13,13,13,13,13,19,19,7,7.484811210336997,1.8174300003011012,13.238659999842639,34.0
1609860142,20,GET,/files/view/100000000KB?id=30,0.000000,0.000000,10,11,12,12,15,17,17,17,17,17,17,16,16,8,8.737763249882846,1.834160000726115,16.712122000171803,34.0
1609860142,20,GET,/files/view/100000000KB?id=31,0.000000,0.000000,11,11,13,13,13,15,15,15,15,15,15,16,16,9,8.986020312363507,1.7923369996424299,15.175905000432977,34.0
1609860142,20,GET,/files/view/100000000KB?id=32,0.000000,0.000000,9,10,11,11,16,19,19,19,19,19,19,16,16,8,8.858951625143163,1.6933599999902071,18.70485699873825,34.0
1609860142,20,GET,/files/view/100000000KB?id=33,0.000000,0.000000,9,12,12,13,13,16,16,16,16,16,16,15,15,9,9.053897733368407,1.6972649991657818,15.705010999226943,34.0
1609860142,20,GET,/files/view/100000000KB?id=34,0.000000,0.000000,9,11,12,14,14,14,14,14,14,14,14,15,15,9,8.846581666875863,1.7672119993221713,14.308543000879581,34.0
1609860142,20,GET,/files/view/100000000KB?id=35,0.000000,0.000000,8,10,12,12,12,14,14,14,14,14,14,15,15,8,8.39933193322698,1.900408000437892,14.421515999856638,34.0
1609860142,20,GET,/files/view/100000000KB?id=36,0.000000,0.000000,9,13,14,16,18,21,21,21,21,21,21,15,15,9,10.381440399942221,1.8294969995622523,21.14116099983221,34.0
1609860142,20,GET,/files/view/100000000KB?id=37,0.000000,0.000000,9,10,11,11,13,15,15,15,15,15,15,15,15,9,8.618042999660247,1.7288510007347213,15.346184000009089,34.0
1609860142,20,GET,/files/view/100000000KB?id=38,0.000000,0.000000,9,12,14,14,16,18,18,18,18,18,18,15,15,9,9.55391313303456,2.0172760014247615,17.700878001051024,34.0
1609860142,20,GET,/files/view/100000000KB?id=39,0.000000,0.000000,9,9,12,12,12,13,13,13,13,13,13,15,15,9,8.639054333252716,3.1710209987068083,12.702779000392184,34.0
1609860142,20,GET,/files/view/100000000KB?id=4,0.000000,0.000000,10,13,15,15,16,17,17,17,17,17,17,19,19,10,10.147425315823822,1.7901020000863355,16.895553999347612,34.0
1609860142,20,GET,/files/view/100000000KB?id=40,0.000000,0.000000,11,12,14,15,15,20,20,20,20,20,20,15,15,11,10.200023333527497,3.2310360002156813,19.584014000429306,34.0
1609860142,20,GET,/files/view/100000000KB?id=41,0.000000,0.000000,9,9,11,13,14,16,16,16,16,16,16,15,15,9,8.603613933761759,3.0066680010349955,15.560891000859556,34.0
1609860142,20,GET,/files/view/100000000KB?id=42,0.000000,0.000000,10,11,14,14,15,16,16,16,16,16,16,14,14,9,9.564513642544625,3.6867869985144353,15.761942000608542,34.0
1609860142,20,GET,/files/view/100000000KB?id=43,0.000000,0.000000,8,10,10,11,13,14,14,14,14,14,14,14,14,8,8.385849785554456,3.4591939984238707,13.893108000047505,34.0
1609860142,20,GET,/files/view/100000000KB?id=44,0.000000,0.000000,9,11,12,14,15,17,17,17,17,17,17,14,14,8,9.440654428544804,4.163431000051787,17.067236000002595,34.0
1609860142,20,GET,/files/view/100000000KB?id=45,0.000000,0.000000,8,11,12,13,13,14,14,14,14,14,14,14,14,8,8.864135000034626,4.165604999798234,13.632899001095211,34.0
1609860142,20,GET,/files/view/100000000KB?id=46,0.000000,0.000000,10,13,13,15,15,15,15,15,15,15,15,14,14,8,9.419752999877216,3.1010429993330035,15.288327000234858,34.0
1609860142,20,GET,/files/view/100000000KB?id=47,0.000000,0.000000,8,11,12,13,13,15,15,15,15,15,15,14,14,8,8.769269357409419,2.7216609996685293,14.87043399902177,34.0
1609860142,20,GET,/files/view/100000000KB?id=48,0.000000,0.000000,9,13,13,15,15,17,17,17,17,17,17,14,14,8,9.459496285931632,2.7282150003884453,16.618920000837534,34.0
1609860142,20,GET,/files/view/100000000KB?id=49,0.000000,0.000000,9,12,12,13,14,19,19,19,19,19,19,14,14,9,9.500992571572299,2.718673998970189,19.06688400049461,34.0
1609860142,20,GET,/files/view/100000000KB?id=5,0.000000,0.000000,7,8,9,10,14,14,14,14,14,14,14,19,19,7,7.511585052270675,2.317804999620421,14.043125998796313,34.0
1609860142,20,GET,/files/view/100000000KB?id=50,0.000000,0.000000,10,12,14,17,18,19,19,19,19,19,19,14,14,9,10.110519999865833,3.174155001033796,18.64292999925965,34.0
1609860142,20,GET,/files/view/100000000KB?id=51,0.000000,0.000000,9,10,12,13,14,19,19,19,19,19,19,13,13,9,9.565645077040804,3.1409170005645137,19.128821000776952,34.0
1609860142,20,GET,/files/view/100000000KB?id=52,0.000000,0.000000,9,11,12,14,14,17,17,17,17,17,17,13,13,9,9.118140385068658,2.7701090002665296,16.80731200031005,34.0
1609860142,20,GET,/files/view/100000000KB?id=53,0.000000,0.000000,9,10,11,13,14,15,15,15,15,15,15,13,13,9,9.340939461533427,2.8101030002289917,14.829019999524462,34.0
1609860142,20,GET,/files/view/100000000KB?id=54,0.000000,0.000000,8,12,13,13,14,19,19,19,19,19,19,13,13,8,9.388892230792688,2.849403001164319,18.94961899961345,34.0
1609860142,20,GET,/files/view/100000000KB?id=55,0.000000,0.000000,9,9,10,11,13,14,14,14,14,14,14,13,13,9,8.860086384839423,2.769142000033753,13.781615998595953,34.0
1609860142,20,GET,/files/view/100000000KB?id=56,0.000000,0.000000,9,11,12,12,13,18,18,18,18,18,18,13,13,9,9.265690230817059,2.8773449994332623,17.56488000137324,34.0
1609860142,20,GET,/files/view/100000000KB?id=57,0.000000,0.000000,9,11,13,14,15,17,17,17,17,17,17,13,13,9,9.643391230593597,3.121794001344824,16.585975999987568,34.0
1609860142,20,GET,/files/view/100000000KB?id=58,0.000000,0.000000,9,11,12,13,14,17,17,17,17,17,17,13,13,9,9.394508153910955,3.119958999377559,16.70516900048824,34.0
1609860142,20,GET,/files/view/100000000KB?id=59,0.000000,0.000000,9,12,14,14,15,16,16,16,16,16,16,13,13,9,9.826738692376798,3.362992998518166,15.868884000155958,34.0
1609860142,20,GET,/files/view/100000000KB?id=6,0.000000,0.000000,11,12,13,16,17,17,17,17,17,17,17,19,19,11,10.013163894798613,1.8178899990743957,16.562749000513577,34.0
1609860142,20,GET,/files/view/100000000KB?id=60,0.000000,0.000000,9,10,14,14,14,19,19,19,19,19,19,12,12,9,9.410328749860733,2.7286040003673406,19.13310499912768,34.0
1609860142,20,GET,/files/view/100000000KB?id=61,0.000000,0.000000,10,11,13,13,15,16,16,16,16,16,16,12,12,8,9.484309999758503,2.6739990007627057,16.026287999920896,34.0
1609860142,20,GET,/files/view/100000000KB?id=62,0.000000,0.000000,9,9,12,12,12,14,14,14,14,14,14,12,12,8,8.426728499671299,2.9263129999890225,13.855805998900905,34.0
1609860142,20,GET,/files/view/100000000KB?id=63,0.000000,0.000000,12,12,14,14,15,16,16,16,16,16,16,12,12,9,10.240998166561136,2.7992279992758995,15.52786599859246,34.0
1609860142,20,GET,/files/view/100000000KB?id=64,0.000000,0.000000,9,10,12,12,13,15,15,15,15,15,15,12,12,7,8.6315640836195,2.788646999761113,15.216664998661145,34.0
1609860142,20,GET,/files/view/100000000KB?id=65,0.000000,0.000000,10,10,13,13,15,15,15,15,15,15,15,12,12,9,9.460791417041037,2.7051370016124565,15.169259000685997,34.0
1609860142,20,GET,/files/view/100000000KB?id=66,0.000000,0.000000,10,10,12,12,13,16,16,16,16,16,16,12,12,7,8.853474250372528,2.9683860011573415,15.66891500078782,34.0
1609860142,20,GET,/files/view/100000000KB?id=67,0.000000,0.000000,11,13,14,14,16,19,19,19,19,19,19,12,12,10,10.555954583348163,3.1010930015327176,19.071859000177938,34.0
1609860142,20,GET,/files/view/100000000KB?id=68,0.000000,0.000000,11,11,13,13,13,18,18,18,18,18,18,12,12,11,9.592624583395567,3.0672180000692606,17.913872999997693,34.0
1609860142,20,GET,/files/view/100000000KB?id=69,0.000000,0.000000,9,11,14,14,17,170,170,170,170,170,170,12,12,8,22.201485749822798,2.7970149985776516,166.89563500040094,34.0
1609860142,20,GET,/files/view/100000000KB?id=7,0.000000,0.000000,7,8,8,12,13,15,15,15,15,15,15,19,19,7,7.413934736560853,1.832121999541414,15.467856001123437,34.0
1609860142,20,GET,/files/view/100000000KB?id=70,0.000000,0.000000,9,10,11,11,12,15,15,15,15,15,15,11,11,9,8.609584273224094,3.4219520002807258,14.687001001220779,34.0
1609860142,20,GET,/files/view/100000000KB?id=71,0.000000,0.000000,8,10,14,14,15,16,16,16,16,16,16,11,11,8,9.352199817922981,4.0923639990069205,16.105967999465065,34.0
1609860142,20,GET,/files/view/100000000KB?id=72,0.000000,0.000000,9,11,12,12,13,14,14,14,14,14,14,11,11,9,8.828913363686297,3.617547999965609,14.073364000068977,34.0
1609860142,20,GET,/files/view/100000000KB?id=73,0.000000,0.000000,9,11,13,13,16,17,17,17,17,17,17,11,11,9,9.784655000244543,3.987867001342238,16.58955600032641,34.0
1609860142,20,GET,/files/view/100000000KB?id=74,0.000000,0.000000,8,11,11,11,13,14,14,14,14,14,14,11,11,8,9.087786636055997,5.3435359986906406,14.249894999011303,34.0
1609860142,20,GET,/files/view/100000000KB?id=75,0.000000,0.000000,10,12,13,13,14,17,17,17,17,17,17,11,11,10,10.061543999737212,4.05263799984823,16.651141999318497,34.0
1609860142,20,GET,/files/view/100000000KB?id=76,0.000000,0.000000,9,11,12,12,14,15,15,15,15,15,15,11,11,9,9.281076909081259,5.358602000342216,14.770728999792482,34.0
1609860142,20,GET,/files/view/100000000KB?id=77,0.000000,0.000000,10,12,13,13,14,16,16,16,16,16,16,11,11,10,9.844070999778607,3.5879779989045346,16.154865001226426,34.0
1609860142,20,GET,/files/view/100000000KB?id=78,0.000000,0.000000,10,11,13,13,15,15,15,15,15,15,15,11,11,10,9.68104690913275,5.704676999812364,15.378549000161001,34.0
1609860142,20,GET,/files/view/100000000KB?id=79,0.000000,0.000000,10,13,13,13,16,17,17,17,17,17,17,11,11,10,10.319373546074281,3.9228660007211147,16.917832001126953,34.0
1609860142,20,GET,/files/view/100000000KB?id=8,0.000000,0.000000,9,12,16,17,18,18,18,18,18,18,18,19,19,9,10.087906052687782,1.7368369990435895,18.133282001144835,34.0
1609860142,20,GET,/files/view/100000000KB?id=80,0.000000,0.000000,9,11,11,11,15,170,170,170,170,170,170,11,11,9,23.1769397270744,5.020550999688567,166.61286000089603,34.0
1609860142,20,GET,/files/view/100000000KB?id=81,0.000000,0.000000,11,12,12,13,19,19,19,19,19,19,19,10,10,8,9.713985300004424,3.85997800003679,19.344555999850854,34.0
1609860142,20,GET,/files/view/100000000KB?id=82,0.000000,0.000000,8,10,11,11,18,18,18,18,18,18,18,10,10,7,9.09880340041127,5.544469000597019,17.964306000067154,34.0
1609860142,20,GET,/files/view/100000000KB?id=83,0.000000,0.000000,12,12,13,13,16,16,16,16,16,16,16,10,10,9,9.970337200138601,4.127063999476377,16.391697001381544,34.0
1609860142,20,GET,/files/view/100000000KB?id=84,0.000000,0.000000,10,12,12,17,18,18,18,18,18,18,18,10,10,9,10.301644599894644,5.001862999051809,18.133759000193095,34.0
1609860142,20,GET,/files/view/100000000KB?id=85,0.000000,0.000000,10,11,11,13,17,17,17,17,17,17,17,10,10,10,9.541876399998728,3.429620999668259,16.675320999638643,34.0
1609860142,20,GET,/files/view/100000000KB?id=86,0.000000,0.000000,10,10,11,13,17,17,17,17,17,17,17,10,10,9,9.371613200528373,4.878215000644559,16.85044100122468,34.0
1609860142,20,GET,/files/view/100000000KB?id=87,0.000000,0.000000,9,10,12,12,17,17,17,17,17,17,17,10,10,8,9.344057500493363,3.5497950011631474,16.986982000162243,34.0
1609860142,20,GET,/files/view/100000000KB?id=88,0.000000,0.000000,10,12,13,13,15,15,15,15,15,15,15,10,10,10,9.625701000186382,4.6907520008971915,15.488270999412634,34.0
1609860142,20,GET,/files/view/100000000KB?id=89,0.000000,0.000000,10,11,12,13,17,17,17,17,17,17,17,10,10,9,9.449883100023726,3.5613410000223666,16.554309000639478,34.0
1609860142,20,GET,/files/view/100000000KB?id=9,0.000000,0.000000,8,9,10,11,13,20,20,20,20,20,20,18,18,7,7.828193222242892,1.5546400009043282,20.012302999020903,34.0
1609860142,20,GET,/files/view/100000000KB?id=90,0.000000,0.000000,10,10,12,12,18,18,18,18,18,18,18,10,10,9,9.78381700006139,5.254937999779941,18.059809000988025,34.0
1609860142,20,GET,/files/view/100000000KB?id=91,0.000000,0.000000,10,12,12,14,17,17,17,17,17,17,17,10,10,9,9.983282900248014,4.1562879996490665,16.842145998452906,34.0
1609860142,20,GET,/files/view/100000000KB?id=92,0.000000,0.000000,9,10,11,12,12,12,12,12,12,12,12,9,9,9,9.303171444318853,5.796561999886762,12.373098999887588,34.0
1609860142,20,GET,/files/view/100000000KB?id=93,0.000000,0.000000,9,11,12,14,17,17,17,17,17,17,17,9,9,9,9.92747699981717,4.88313000096241,16.6304169997602,34.0
1609860142,20,GET,/files/view/100000000KB?id=94,0.000000,0.000000,10,11,11,13,14,14,14,14,14,14,14,9,9,10,10.057186110619417,6.865717999971821,13.64754600035667,34.0
1609860142,20,GET,/files/view/100000000KB?id=95,0.000000,0.000000,9,12,15,15,20,20,20,20,20,20,20,9,9,9,11.192132444193703,5.060886000137543,19.90756200029864,34.0
1609860142,20,GET,/files/view/100000000KB?id=96,0.000000,0.000000,11,11,11,11,13,13,13,13,13,13,13,9,9,11,9.736942222338662,6.133435999799985,12.736331000269274,34.0
1609860142,20,GET,/files/view/100000000KB?id=97,0.000000,0.000000,10,12,12,14,19,19,19,19,19,19,19,9,9,10,10.634108444315238,5.10438899982546,18.795699999827775,34.0
1609860142,20,GET,/files/view/100000000KB?id=98,0.000000,0.000000,11,11,11,11,11,11,11,11,11,11,11,9,9,11,9.738698888920933,5.919146000451292,11.44793599996774,34.0
1609860142,20,GET,/files/view/100000000KB?id=99,0.000000,0.000000,11,13,14,15,17,17,17,17,17,17,17,9,9,11,10.788443666468892,5.610477999653085,16.82871199955116,34.0
1609860142,20,,Aggregated,0.000000,0.000000,9,11,12,13,15,17,18,20,170,170,170,1382,1382,9,9.63314146525793,1.5546400009043282,168.90767400036566,34.0
1609860143,30,GET,/files/view/100000000KB?id=0,6.000000,6.000000,21,28,32,33,36,37,38,38,38,38,38,29,29,21,22.03882062085854,4.052174001117237,38.4735699990415,34.0
1609860143,30,GET,/files/view/100000000KB?id=1,5.000000,5.000000,9,12,13,13,15,15,18,18,18,18,18,29,29,9,9.341540896551532,2.3377779998554615,17.942857999514672,34.0
1609860143,30,GET,/files/view/100000000KB?id=10,5.000000,5.000000,13,19,21,21,23,25,27,27,27,27,27,27,27,13,13.970954555420407,1.569210000525345,27.38627100006852,34.0
1609860143,30,GET,/files/view/100000000KB?id=11,5.000000,5.000000,9,12,15,15,17,17,21,21,21,21,21,27,27,9,10.305841592492436,1.8797270004142774,20.663377001255867,34.0
1609860143,30,GET,/files/view/100000000KB?id=12,5.000000,5.000000,13,17,21,21,25,25,28,28,28,28,28,27,27,13,13.844086555561969,1.6054850002547028,28.27763499954017,34.0
1609860143,30,GET,/files/view/100000000KB?id=13,5.000000,5.000000,10,14,15,15,16,16,19,19,19,19,19,27,27,10,10.157728295948969,1.5914809991954826,18.917157998657785,34.0
1609860143,30,GET,/files/view/100000000KB?id=14,5.000000,5.000000,15,19,22,23,25,27,29,29,29,29,29,27,27,15,14.652102666904856,1.5577650010527577,28.63565999905404,34.0
1609860143,30,GET,/files/view/100000000KB?id=15,5.000000,5.000000,11,13,14,15,16,17,24,24,24,24,24,26,26,10,10.548582230582655,2.0813089995499467,23.80247099972621,34.0
1609860143,30,GET,/files/view/100000000KB?id=16,5.000000,5.000000,14,17,20,21,23,26,27,27,27,27,27,26,26,14,13.763854961395667,1.6122630004247185,26.90711400100554,34.0
1609860143,30,GET,/files/view/100000000KB?id=17,5.000000,5.000000,11,14,16,17,18,22,180,180,180,180,180,26,26,10,17.163274769210638,2.9126139997970313,176.94788700100617,34.0
1609860143,30,GET,/files/view/100000000KB?id=18,5.000000,5.000000,14,17,19,21,24,27,27,27,27,27,27,26,26,13,13.78896784612712,2.3195170015242184,27.219823001360055,34.0
1609860143,30,GET,/files/view/100000000KB?id=19,4.000000,4.000000,11,13,15,16,18,19,20,20,20,20,20,26,26,10,10.902749730890859,2.520300000469433,19.607266998718842,34.0
1609860143,30,GET,/files/view/100000000KB?id=2,5.000000,5.000000,14,21,23,25,28,31,190,190,190,190,190,29,29,14,20.856226344943117,2.0684060000348836,186.32997399981832,34.0
1609860143,30,GET,/files/view/100000000KB?id=20,4.000000,4.000000,13,17,19,20,23,26,27,27,27,27,27,26,26,13,13.819557846055922,2.2851209996588295,27.135700000144425,34.0
1609860143,30,GET,/files/view/100000000KB?id=21,4.000000,4.000000,11,13,15,17,19,19,20,20,20,20,20,25,25,11,10.975291519789607,2.618964999783202,19.522223999956623,34.0
1609860143,30,GET,/files/view/100000000KB?id=22,4.000000,4.000000,14,17,18,20,21,29,30,30,30,30,30,25,25,14,13.766439039973193,2.763896000033128,29.52596400064067,34.0
1609860143,30,GET,/files/view/100000000KB?id=23,4.000000,4.000000,12,15,18,19,19,19,20,20,20,20,20,25,25,12,11.879342799948063,2.5144379997072974,20.278464999137213,34.0
1609860143,30,GET,/files/view/100000000KB?id=24,4.000000,4.000000,13,18,19,20,22,30,170,170,170,170,170,25,25,13,19.092190639785258,2.038000999164069,168.90767400036566,34.0
1609860143,30,GET,/files/view/100000000KB?id=25,4.000000,4.000000,12,14,16,18,20,20,30,30,30,30,30,25,25,12,12.302831439956208,1.6844250003487105,30.028905001017847,34.0
1609860143,30,GET,/files/view/100000000KB?id=26,4.000000,4.000000,12,18,19,20,21,22,30,30,30,30,30,25,25,12,13.35421983996639,1.9461709998722654,30.019775000255322,34.0
1609860143,30,GET,/files/view/100000000KB?id=27,4.000000,4.000000,13,15,17,17,19,19,21,21,21,21,21,24,24,13,11.872280541638247,1.8284600009792484,21.406501000456046,34.0
1609860143,30,GET,/files/view/100000000KB?id=28,4.000000,4.000000,12,17,19,19,22,22,23,23,23,23,23,24,24,12,12.658315374892481,1.8952600003103726,22.62648900068598,34.0
1609860143,30,GET,/files/view/100000000KB?id=29,4.000000,4.000000,13,15,17,18,21,21,26,26,26,26,26,24,24,12,12.222358833317534,1.7679979991953587,25.68842500113533,34.0
1609860143,30,GET,/files/view/100000000KB?id=3,5.000000,5.000000,10,12,12,13,13,13,19,19,19,19,19,29,29,10,9.500189241250688,1.8174300003011012,19.046213001274737,34.0
1609860143,30,GET,/files/view/100000000KB?id=30,4.000000,4.000000,12,17,19,19,22,23,26,26,26,26,26,24,24,11,12.756654833159095,1.834160000726115,26.362988000983023,34.0
1609860143,30,GET,/files/view/100000000KB?id=31,4.000000,4.000000,13,15,18,19,21,22,23,23,23,23,23,24,24,12,12.45154808323908,1.7923369996424299,23.058974999003112,34.0
1609860143,30,GET,/files/view/100000000KB?id=32,4.000000,4.000000,11,16,18,19,20,22,23,23,23,23,23,24,24,11,12.306361874986274,1.6933599999902071,23.014163998595905,34.0
1609860143,30,GET,/files/view/100000000KB?id=33,4.000000,4.000000,12,16,17,19,21,22,180,180,180,180,180,23,23,12,19.39635147850229,1.6972649991657818,179.66029600029287,34.0
1609860143,30,GET,/files/view/100000000KB?id=34,4.000000,4.000000,12,17,17,19,20,20,24,24,24,24,24,23,23,12,12.478661521843447,1.7672119993221713,23.840658001063275,34.0
1609860143,30,GET,/files/view/100000000KB?id=35,4.000000,4.000000,12,16,17,18,21,23,24,24,24,24,24,23,23,12,12.289292391158043,1.900408000437892,24.407740998867666,34.0
1609860143,30,GET,/files/view/100000000KB?id=36,4.000000,4.000000,14,18,20,20,20,21,25,25,25,25,25,23,23,14,13.611053086803977,1.8294969995622523,24.500944000465097,34.0
1609860143,30,GET,/files/view/100000000KB?id=37,4.000000,4.000000,11,17,19,19,22,22,23,23,23,23,23,23,23,11,12.503722651909692,1.7288510007347213,22.802729999966687,34.0
1609860143,30,GET,/files/view/100000000KB?id=38,4.000000,4.000000,14,17,18,18,19,24,26,26,26,26,26,23,23,14,13.039543391009236,2.0172760014247615,26.0974550001265,34.0
1609860143,30,GET,/files/view/100000000KB?id=39,3.000000,3.000000,12,13,19,20,23,23,24,24,24,24,24,22,22,11,12.615529181692347,3.1710209987068083,23.741926001093816,34.0
1609860143,30,GET,/files/view/100000000KB?id=4,5.000000,5.000000,15,22,23,24,29,29,32,32,32,32,32,29,29,15,15.447257138005405,1.7901020000863355,31.56837499955145,34.0
1609860143,30,GET,/files/view/100000000KB?id=40,3.000000,3.000000,14,15,17,19,20,20,20,20,20,20,20,22,22,13,12.637763545585171,3.2310360002156813,20.295942998927785,34.0
1609860143,30,GET,/files/view/100000000KB?id=41,3.000000,3.000000,11,15,18,20,21,24,28,28,28,28,28,22,22,10,12.54465081861285,3.0066680010349955,28.28018900072493,34.0
1609860143,30,GET,/files/view/100000000KB?id=42,3.000000,3.000000,14,16,18,18,20,21,180,180,180,180,180,22,22,14,20.27302518151621,3.6867869985144353,184.924110000793,34.0
1609860143,30,GET,/files/view/100000000KB?id=43,3.000000,3.000000,11,15,19,20,21,23,23,23,23,23,23,22,22,10,12.447148954462053,3.4591939984238707,23.473076000300352,34.0
1609860143,30,GET,/files/view/100000000KB?id=44,3.000000,3.000000,13,17,18,19,20,20,20,20,20,20,20,22,22,12,12.789527636248915,4.163431000051787,20.44953299991903,34.0
1609860143,30,GET,/files/view/100000000KB?id=45,3.000000,3.000000,12,14,18,19,21,22,26,26,26,26,26,21,21,12,12.642023142862378,4.165604999798234,25.81503199871804,34.0
1609860143,30,GET,/files/view/100000000KB?id=46,3.000000,3.000000,13,15,17,18,19,21,23,23,23,23,23,21,21,13,12.640459761920889,3.1010429993330035,23.01629900102853,34.0
1609860143,30,GET,/files/view/100000000KB?id=47,3.000000,3.000000,12,15,17,19,23,26,27,27,27,27,27,21,21,12,12.955336428733842,2.7216609996685293,26.641767000910477,34.0
1609860143,30,GET,/files/view/100000000KB?id=48,3.000000,3.000000,13,15,18,19,21,21,25,25,25,25,25,21,21,13,12.922160619252411,2.7282150003884453,25.357185000757454,34.0
1609860143,30,GET,/files/view/100000000KB?id=49,3.000000,3.000000,12,16,17,19,21,22,25,25,25,25,25,21,21,12,12.871914095306973,2.718673998970189,25.303789001554833,34.0
1609860143,30,GET,/files/view/100000000KB?id=5,5.000000,5.000000,9,13,14,14,15,16,17,17,17,17,17,28,28,8,9.763203678305997,2.317804999620421,16.947325000728597,34.0
1609860143,30,GET,/files/view/100000000KB?id=50,3.000000,3.000000,14,18,19,19,20,27,27,27,27,27,27,20,20,12,12.863537849807472,3.174155001033796,27.05102599975362,34.0
1609860143,30,GET,/files/view/100000000KB?id=51,3.000000,3.000000,13,18,19,19,26,180,180,180,180,180,180,20,20,12,21.153445950039895,3.1409170005645137,178.30687499917985,34.0
1609860143,30,GET,/files/view/100000000KB?id=52,3.000000,3.000000,14,17,18,19,22,22,22,22,22,22,22,20,20,12,12.500954600454861,2.7701090002665296,21.775337001599837,34.0
1609860143,30,GET,/files/view/100000000KB?id=53,3.000000,3.000000,13,15,18,18,22,26,26,26,26,26,26,20,20,11,12.858666849933797,2.8101030002289917,25.73473099982948,34.0
1609860143,30,GET,/files/view/100000000KB?id=54,3.000000,3.000000,13,15,19,19,21,21,21,21,21,21,21,19,19,13,12.518290578794366,2.849403001164319,21.345998999095173,34.0
1609860143,30,GET,/files/view/100000000KB?id=55,3.000000,3.000000,10,14,16,17,20,26,26,26,26,26,26,19,19,10,11.942257579089768,2.769142000033753,26.130132000616868,34.0
1609860143,30,GET,/files/view/100000000KB?id=56,3.000000,3.000000,12,18,19,20,24,28,28,28,28,28,28,19,19,12,13.111444578833854,2.8773449994332623,27.66899000016565,34.0
1609860143,30,GET,/files/view/100000000KB?id=57,3.000000,3.000000,13,16,16,17,21,31,31,31,31,31,31,19,19,13,12.800277526318832,3.121794001344824,30.76532300110557,34.0
1609860143,30,GET,/files/view/100000000KB?id=58,3.000000,3.000000,12,17,19,19,21,23,23,23,23,23,23,19,19,12,12.665904157984187,3.119958999377559,23.193209000965,34.0
1609860143,30,GET,/files/view/100000000KB?id=59,3.000000,3.000000,14,16,16,17,18,26,26,26,26,26,26,19,19,14,12.53311789466687,3.362992998518166,26.321306000681943,34.0
1609860143,30,GET,/files/view/100000000KB?id=6,5.000000,5.000000,13,17,23,23,25,27,33,33,33,33,33,28,28,12,14.708318642923198,1.8178899990743957,32.64707800008182,34.0
1609860143,30,GET,/files/view/100000000KB?id=60,3.000000,3.000000,14,17,20,21,23,180,180,180,180,180,180,19,19,14,21.80848178939318,2.7286040003673406,182.25430800157483,34.0
1609860143,30,GET,/files/view/100000000KB?id=61,2.000000,2.000000,13,16,17,17,19,20,20,20,20,20,20,18,18,11,12.243318222216557,2.6739990007627057,19.634414000393008,34.0
1609860143,30,GET,/files/view/100000000KB?id=62,2.000000,2.000000,12,14,18,19,22,24,24,24,24,24,24,18,18,10,12.242953166302565,2.9263129999890225,23.501199999373057,34.0
1609860143,30,GET,/files/view/100000000KB?id=63,2.000000,2.000000,14,15,17,19,20,24,24,24,24,24,24,18,18,13,13.039390833202763,2.7992279992758995,23.612863000380457,34.0
1609860143,30,GET,/files/view/100000000KB?id=64,2.000000,2.000000,12,14,17,20,21,25,25,25,25,25,25,18,18,12,12.37862966687923,2.788646999761113,24.971398001071066,34.0
1609860143,30,GET,/files/view/100000000KB?id=65,2.000000,2.000000,13,15,19,21,21,23,23,23,23,23,23,18,18,12,12.902787166846489,2.7051370016124565,23.135273999287165,34.0
1609860143,30,GET,/files/view/100000000KB?id=66,2.000000,2.000000,12,15,17,21,26,27,27,27,27,27,27,18,18,11,13.011312666902894,2.9683860011573415,26.804424000147264,34.0
1609860143,30,GET,/files/view/100000000KB?id=67,2.000000,2.000000,14,15,18,19,20,21,21,21,21,21,21,18,18,14,12.967790055679668,3.1010930015327176,20.57218899972213,34.0
1609860143,30,GET,/files/view/100000000KB?id=68,2.000000,2.000000,13,15,18,20,22,27,27,27,27,27,27,18,18,12,13.207362777797648,3.0672180000692606,27.124784000989166,34.0
1609860143,30,GET,/files/view/100000000KB?id=69,2.000000,2.000000,13,16,17,19,23,170,170,170,170,170,170,17,17,13,21.182115646939458,2.7970149985776516,166.89563500040094,34.0
1609860143,30,GET,/files/view/100000000KB?id=7,5.000000,5.000000,8,13,14,15,16,16,18,18,18,18,18,28,28,8,9.873436928306287,1.832121999541414,17.679685000985046,34.0
1609860143,30,GET,/files/view/100000000KB?id=70,2.000000,2.000000,11,15,17,22,23,32,32,32,32,32,32,17,17,11,13.17713288260754,3.4219520002807258,31.50859400011541,34.0
1609860143,30,GET,/files/view/100000000KB?id=71,2.000000,2.000000,14,15,16,17,21,25,25,25,25,25,25,17,17,14,12.56970811749959,4.0923639990069205,24.832834000335424,34.0
1609860143,30,GET,/files/view/100000000KB?id=72,2.000000,2.000000,12,15,17,18,24,25,25,25,25,25,25,17,17,12,12.846475353024502,3.617547999965609,24.986323000121047,34.0
1609860143,30,GET,/files/view/100000000KB?id=73,2.000000,2.000000,13,16,17,18,23,24,24,24,24,24,24,17,17,13,13.162428411840878,3.987867001342238,24.297913998452714,34.0
1609860143,30,GET,/files/view/100000000KB?id=74,2.000000,2.000000,11,14,15,22,23,23,23,23,23,23,23,17,17,11,12.905210646803265,5.3435359986906406,23.2509140005277,34.0
1609860143,30,GET,/files/view/100000000KB?id=75,2.000000,2.000000,13,16,17,20,24,25,25,25,25,25,25,17,17,13,13.621101941038539,4.05263799984823,24.97534599933715,34.0
1609860143,30,GET,/files/view/100000000KB?id=76,2.000000,2.000000,12,14,15,15,22,22,22,22,22,22,22,16,16,11,12.179297812394907,5.358602000342216,22.112517999630654,34.0
1609860143,30,GET,/files/view/100000000KB?id=77,2.000000,2.000000,13,14,16,16,24,26,26,26,26,26,26,16,16,12,12.693709562313416,3.5879779989045346,25.6646029993135,34.0
1609860143,30,GET,/files/view/100000000KB?id=78,2.000000,2.000000,13,14,15,15,23,25,25,25,25,25,25,16,16,11,12.480298374839549,5.704676999812364,24.60073200018087,34.0
1609860143,30,GET,/files/view/100000000KB?id=79,2.000000,2.000000,13,16,17,17,23,28,28,28,28,28,28,16,16,12,13.241893062854615,3.9228660007211147,27.986465000140015,34.0
1609860143,30,GET,/files/view/100000000KB?id=8,5.000000,5.000000,16,18,22,23,25,26,30,30,30,30,30,28,28,13,14.546028142961275,1.7368369990435895,29.945397000119556,34.0
1609860143,30,GET,/files/view/100000000KB?id=80,2.000000,2.000000,11,15,18,18,23,170,170,170,170,170,170,16,16,11,21.78347824985849,5.020550999688567,166.61286000089603,34.0
1609860143,30,GET,/files/view/100000000KB?id=81,2.000000,2.000000,12,19,20,20,33,34,34,34,34,34,34,16,16,12,14.876193062605125,3.85997800003679,34.322820998568204,34.0
1609860143,30,GET,/files/view/100000000KB?id=82,2.000000,2.000000,11,15,18,18,21,23,23,23,23,23,23,16,16,11,12.420234375440486,5.544469000597019,23.21114500045951,34.0
1609860143,30,GET,/files/view/100000000KB?id=83,2.000000,2.000000,13,16,18,18,24,28,28,28,28,28,28,16,16,12,13.712109937614514,4.127063999476377,28.41318799983128,34.0
1609860143,30,GET,/files/view/100000000KB?id=84,2.000000,2.000000,13,17,18,18,21,25,25,25,25,25,25,16,16,12,13.280720625061804,5.001862999051809,24.537395000152173,34.0
1609860143,30,GET,/files/view/100000000KB?id=85,2.000000,2.000000,11,13,17,19,23,24,24,24,24,24,24,15,15,11,12.77187153318664,3.429620999668259,24.246607999884873,34.0
1609860143,30,GET,/files/view/100000000KB?id=86,2.000000,2.000000,11,15,17,22,23,25,25,25,25,25,25,15,15,11,12.961118533591312,4.878215000644559,24.810729999444447,34.0
1609860143,30,GET,/files/view/100000000KB?id=87,2.000000,2.000000,12,13,19,19,22,26,26,26,26,26,26,15,15,12,12.785038800454155,3.5497950011631474,25.87754100022721,34.0
1609860143,30,GET,/files/view/100000000KB?id=88,2.000000,2.000000,13,14,16,19,24,24,24,24,24,24,24,15,15,13,12.902980533302374,4.6907520008971915,24.425618999885046,34.0
1609860143,30,GET,/files/view/100000000KB?id=89,2.000000,2.000000,12,13,17,19,19,27,27,27,27,27,27,15,15,12,12.568969733183621,3.5613410000223666,26.598184000249603,34.0
1609860143,30,GET,/files/view/100000000KB?id=9,5.000000,5.000000,11,14,15,15,17,20,180,180,180,180,180,28,28,10,16.280626928554348,1.5546400009043282,181.00497799969162,34.0
1609860143,30,GET,/files/view/100000000KB?id=90,2.000000,2.000000,12,15,17,18,25,29,29,29,29,29,29,15,15,12,13.357542066660244,5.254937999779941,29.428163999909884,34.0
1609860143,30,GET,/files/view/100000000KB?id=91,2.000000,2.000000,12,14,19,19,20,23,23,23,23,23,23,15,15,12,12.853141866920245,4.1562879996490665,23.457033001250238,34.0
1609860143,30,GET,/files/view/100000000KB?id=92,2.000000,2.000000,12,16,17,24,26,180,180,180,180,180,180,15,15,12,24.506752466550097,5.796561999886762,183.60151700107963,34.0
1609860143,30,GET,/files/view/100000000KB?id=93,2.000000,2.000000,12,16,18,19,21,24,24,24,24,24,24,15,15,12,13.227688133216967,4.88313000096241,23.793590000423137,34.0
1609860143,30,GET,/files/view/100000000KB?id=94,1.000000,1.000000,13,16,16,19,20,25,25,25,25,25,25,14,14,11,13.466143071257518,6.865717999971821,25.458866000917624,34.0
1609860143,30,GET,/files/view/100000000KB?id=95,1.000000,1.000000,14,15,17,20,20,24,24,24,24,24,24,14,14,12,13.445574571440895,5.060886000137543,23.962152999956743,34.0
1609860143,30,GET,/files/view/100000000KB?id=96,1.000000,1.000000,11,16,16,20,24,28,28,28,28,28,28,14,14,11,13.666246000086955,6.133435999799985,27.76255099888658,34.0
1609860143,30,GET,/files/view/100000000KB?id=97,1.000000,1.000000,13,18,19,19,19,26,26,26,26,26,26,14,14,12,13.733079357085185,5.10438899982546,26.24974900027155,34.0
1609860143,30,GET,/files/view/100000000KB?id=98,1.000000,1.000000,11,17,17,18,28,28,28,28,28,28,28,14,14,11,13.948860500152348,5.919146000451292,28.488859001299716,34.0
1609860143,30,GET,/files/view/100000000KB?id=99,1.000000,1.000000,14,15,17,20,21,33,33,33,33,33,33,14,14,13,14.156424071448523,5.610477999653085,32.766530001026695,34.0
1609860143,30,,Aggregated,314.000000,314.000000,12,15,17,19,22,24,28,33,180,190,190,2084,2084,12,13.635529021096715,1.5546400009043282,186.32997399981832,34.0
1609860144,39,GET,/files/view/100000000KB?id=0,7.500000,7.500000,28,33,38,43,48,52,64,64,64,64,64,39,39,28,28.600382487265726,4.052174001117237,63.88725499891734,34.0
1609860144,39,GET,/files/view/100000000KB?id=1,7.500000,7.500000,12,14,17,18,22,24,25,25,25,25,25,38,38,11,12.10602539470672,2.3377779998554615,24.908396000682842,34.0
1609860144,39,GET,/files/view/100000000KB?id=10,7.000000,7.000000,19,22,26,27,31,32,50,50,50,50,50,36,36,19,18.41284441661628,1.569210000525345,50.31820899966988,34.0
1609860144,39,GET,/files/view/100000000KB?id=11,7.000000,7.000000,14,16,18,21,24,29,30,30,30,30,30,36,36,12,13.48648594441531,1.8797270004142774,30.269095999756246,34.0
1609860144,39,GET,/files/view/100000000KB?id=12,7.000000,7.000000,19,23,28,28,31,33,190,190,190,190,190,36,36,17,22.35041852787213,1.6054850002547028,189.64258600135508,34.0
1609860144,39,GET,/files/view/100000000KB?id=13,7.000000,7.000000,14,16,17,19,23,26,29,29,29,29,29,35,35,14,12.88092357109625,1.5914809991954826,28.801244001442683,34.0
1609860144,39,GET,/files/view/100000000KB?id=14,7.000000,7.000000,19,25,27,28,30,31,32,32,32,32,32,35,35,19,18.06662285744096,1.5577650010527577,31.974528001228464,34.0
1609860144,39,GET,/files/view/100000000KB?id=15,6.500000,6.500000,13,16,19,20,26,31,37,37,37,37,37,35,35,13,14.167466713999081,2.0813089995499467,37.468039998202585,34.0
1609860144,39,GET,/files/view/100000000KB?id=16,6.500000,6.500000,17,23,27,28,35,35,190,190,190,190,190,35,35,17,22.646012399854953,1.6122630004247185,189.6809950012539,34.0
1609860144,39,GET,/files/view/100000000KB?id=17,6.500000,6.500000,14,17,20,22,24,28,180,180,180,180,180,34,34,14,18.41963855884601,2.9126139997970313,176.94788700100617,34.0
1609860144,39,GET,/files/view/100000000KB?id=18,6.500000,6.500000,17,22,25,27,29,31,36,36,36,36,36,34,34,16,17.255373970542944,2.3195170015242184,35.78602299967315,34.0
1609860144,39,GET,/files/view/100000000KB?id=19,6.500000,6.500000,13,17,19,20,24,28,29,29,29,29,29,34,34,13,13.852697941140779,2.520300000469433,28.664125999057433,34.0
1609860144,39,GET,/files/view/100000000KB?id=2,7.500000,7.500000,21,25,27,28,33,35,190,190,190,190,190,38,38,17,22.971560500081978,2.0684060000348836,186.32997399981832,34.0
1609860144,39,GET,/files/view/100000000KB?id=20,6.500000,6.500000,17,23,25,27,31,36,190,190,190,190,190,34,34,16,22.16895744106082,2.2851209996588295,189.59671499942488,34.0
1609860144,39,GET,/files/view/100000000KB?id=21,6.500000,6.500000,13,18,19,21,26,30,41,41,41,41,41,33,33,13,14.49628436349678,2.618964999783202,40.68631900008768,34.0
1609860144,39,GET,/files/view/100000000KB?id=22,6.500000,6.500000,17,21,25,29,31,32,32,32,32,32,32,33,33,17,17.471607575619903,2.763896000033128,32.12174399959622,34.0
1609860144,39,GET,/files/view/100000000KB?id=23,6.500000,6.500000,15,19,19,19,24,28,32,32,32,32,32,33,33,15,14.64899860608663,2.5144379997072974,31.996618001358,34.0
1609860144,39,GET,/files/view/100000000KB?id=24,6.000000,6.000000,18,21,26,30,34,170,190,190,190,190,190,33,33,18,26.447070969549134,2.038000999164069,186.74921999991057,34.0
1609860144,39,GET,/files/view/100000000KB?id=25,6.000000,6.000000,14,18,20,20,24,30,32,32,32,32,32,32,32,14,14.696996843667876,1.6844250003487105,32.48233799968148,34.0
1609860144,39,GET,/files/view/100000000KB?id=26,6.000000,6.000000,18,20,22,26,31,31,34,34,34,34,34,32,32,18,16.824391468730937,1.9461709998722654,33.88308700050402,34.0
1609860144,39,GET,/files/view/100000000KB?id=27,6.000000,6.000000,15,19,20,20,25,32,36,36,36,36,36,32,32,15,15.207224812456843,1.8284600009792484,35.967286999948556,34.0
1609860144,39,GET,/files/view/100000000KB?id=28,6.000000,6.000000,18,21,22,23,31,35,37,37,37,37,37,32,32,17,16.873816499924033,1.8952600003103726,36.57851200114237,34.0
1609860144,39,GET,/files/view/100000000KB?id=29,6.000000,6.000000,15,18,19,21,25,26,34,34,34,34,34,31,31,15,14.648636580586167,1.7679979991953587,33.85213999899861,34.0
1609860144,39,GET,/files/view/100000000KB?id=3,7.500000,7.500000,12,13,15,19,23,28,30,30,30,30,30,38,38,12,12.63488184203628,1.8174300003011012,30.119502000161447,34.0
1609860144,39,GET,/files/view/100000000KB?id=30,6.000000,6.000000,17,19,23,26,28,32,36,36,36,36,36,31,31,17,16.386225322534184,1.834160000726115,35.863963999872794,34.0
1609860144,39,GET,/files/view/100000000KB?id=31,6.000000,6.000000,15,19,22,22,24,27,31,31,31,31,31,31,31,15,15.077625451486975,1.7923369996424299,30.904425999324303,34.0
1609860144,39,GET,/files/view/100000000KB?id=32,6.000000,6.000000,16,19,22,23,29,31,34,34,34,34,34,31,31,16,16.06669090318563,1.6933599999902071,34.08662699985143,34.0
1609860144,39,GET,/files/view/100000000KB?id=33,6.000000,6.000000,16,20,22,22,27,180,190,190,190,190,190,31,31,16,26.2026953873095,1.6972649991657818,186.43964800139656,34.0
1609860144,39,GET,/files/view/100000000KB?id=34,5.500000,5.500000,17,19,23,27,31,31,32,32,32,32,32,30,30,14,16.25496763335832,1.7672119993221713,31.503038999289856,34.0
1609860144,39,GET,/files/view/100000000KB?id=35,5.500000,5.500000,16,21,22,23,26,26,32,32,32,32,32,30,30,14,15.248828633169373,1.900408000437892,32.29130299951066,34.0
1609860144,39,GET,/files/view/100000000KB?id=36,5.500000,5.500000,18,20,23,24,28,31,31,31,31,31,31,30,30,18,16.705377133136306,1.8294969995622523,31.48820599926694,34.0
1609860144,39,GET,/files/view/100000000KB?id=37,5.500000,5.500000,15,19,22,22,24,31,38,38,38,38,38,29,29,15,15.428102241112983,1.7288510007347213,37.54662099890993,34.0
1609860144,39,GET,/files/view/100000000KB?id=38,5.500000,5.500000,16,19,22,24,26,26,33,33,33,33,33,29,29,16,15.610326930731516,2.0172760014247615,32.702365999284666,34.0
1609860144,39,GET,/files/view/100000000KB?id=39,5.500000,5.500000,13,21,23,24,28,34,42,42,42,42,42,29,29,13,16.361460482647967,3.1710209987068083,42.00927700003376,34.0
1609860144,39,GET,/files/view/100000000KB?id=4,7.500000,7.500000,22,25,29,29,32,33,34,34,34,34,34,38,38,17,18.87775573696241,1.7901020000863355,34.36689800037129,34.0
1609860144,39,GET,/files/view/100000000KB?id=40,5.500000,5.500000,15,20,20,24,28,31,35,35,35,35,35,29,29,15,16.20545244829906,3.2310360002156813,35.47706799872685,34.0
1609860144,39,GET,/files/view/100000000KB?id=41,5.500000,5.500000,15,21,21,24,28,29,33,33,33,33,33,29,29,15,15.570695414210384,3.0066680010349955,32.638205999319325,34.0
1609860144,39,GET,/files/view/100000000KB?id=42,5.500000,5.500000,16,20,21,24,33,33,180,180,180,180,180,28,28,15,21.78793049961314,3.6867869985144353,184.924110000793,34.0
1609860144,39,GET,/files/view/100000000KB?id=43,5.500000,5.500000,15,20,21,23,26,27,33,33,33,33,33,28,28,14,15.088711749870397,3.4591939984238707,32.84875499957707,34.0
1609860144,39,GET,/files/view/100000000KB?id=44,5.500000,5.500000,17,20,20,22,29,30,33,33,33,33,33,28,28,15,15.825391357079102,4.163431000051787,32.95868299937865,34.0
1609860144,39,GET,/files/view/100000000KB?id=45,5.000000,5.000000,16,19,22,22,26,35,48,48,48,48,48,28,28,14,16.355879249918612,4.165604999798234,47.71728299965616,34.0
1609860144,39,GET,/files/view/100000000KB?id=46,5.000000,5.000000,16,19,22,23,32,32,34,34,34,34,34,28,28,15,16.448265178561478,3.1010429993330035,33.997816000919556,34.0
1609860144,39,GET,/files/view/100000000KB?id=47,5.000000,5.000000,15,19,23,24,26,26,27,27,27,27,27,27,27,15,15.239814740939268,2.7216609996685293,26.641767000910477,34.0
1609860144,39,GET,/files/view/100000000KB?id=48,5.000000,5.000000,15,20,21,24,31,35,36,36,36,36,36,27,27,15,16.50815422234936,2.7282150003884453,35.54196200093429,34.0
1609860144,39,GET,/files/view/100000000KB?id=49,5.000000,5.000000,16,19,21,22,25,26,26,26,26,26,26,27,27,16,15.204037259334452,2.718673998970189,25.894213998981286,34.0
1609860144,39,GET,/files/view/100000000KB?id=5,7.500000,7.500000,13,15,16,17,25,26,34,34,34,34,34,37,37,13,13.095397945722357,2.317804999620421,34.12354000101914,34.0
1609860144,39,GET,/files/view/100000000KB?id=50,5.000000,5.000000,18,19,24,27,32,34,42,42,42,42,42,27,27,18,17.385311888574506,3.174155001033796,41.69119399921328,34.0
1609860144,39,GET,/files/view/100000000KB?id=51,5.000000,5.000000,17,19,23,24,26,30,180,180,180,180,180,27,27,17,21.828568481497413,3.1409170005645137,178.30687499917985,34.0
1609860144,39,GET,/files/view/100000000KB?id=52,5.000000,5.000000,17,20,22,22,30,36,36,36,36,36,36,26,26,14,16.40116342339472,2.7701090002665296,35.73219300051278,34.0
1609860144,39,GET,/files/view/100000000KB?id=53,5.000000,5.000000,15,18,21,22,23,26,26,26,26,26,26,26,26,14,14.967704999994917,2.8101030002289917,25.73473099982948,34.0
1609860144,39,GET,/files/view/100000000KB?id=54,5.000000,5.000000,19,21,22,23,33,40,45,45,45,45,45,26,26,15,17.620309692154898,2.849403001164319,45.36186000041198,34.0
1609860144,39,GET,/files/view/100000000KB?id=55,5.000000,5.000000,15,18,20,23,28,28,29,29,29,29,29,26,26,14,15.390546615470576,2.769142000033753,28.726485001243418,34.0
1609860144,39,GET,/files/view/100000000KB?id=56,4.500000,4.500000,18,22,24,24,29,32,36,36,36,36,36,26,26,18,16.889749076793894,2.8773449994332623,36.17187899908458,34.0
1609860144,39,GET,/files/view/100000000KB?id=57,4.500000,4.500000,16,18,21,22,28,28,31,31,31,31,31,26,26,16,15.53837850000351,3.121794001344824,30.76532300110557,34.0
1609860144,39,GET,/files/view/100000000KB?id=58,4.500000,4.500000,17,19,22,23,30,35,38,38,38,38,38,25,25,17,16.517147440026747,3.119958999377559,37.85796599913738,34.0
1609860144,39,GET,/files/view/100000000KB?id=59,4.500000,4.500000,16,17,18,22,24,26,29,29,29,29,29,25,25,16,15.050901559952763,3.362992998518166,29.38607500072976,34.0
1609860144,39,GET,/files/view/100000000KB?id=6,7.000000,7.000000,17,24,25,28,33,35,38,38,38,38,38,37,37,17,18.53756332442375,1.8178899990743957,38.15188400039915,34.0
1609860144,39,GET,/files/view/100000000KB?id=60,4.500000,4.500000,17,22,23,26,35,38,180,180,180,180,180,25,25,17,23.52978583985532,2.7286040003673406,182.25430800157483,34.0
1609860144,39,GET,/files/view/100000000KB?id=61,4.500000,4.500000,17,19,20,23,24,30,52,52,52,52,52,25,25,17,16.54066099996271,2.6739990007627057,51.68283400053042,34.0
1609860144,39,GET,/files/view/100000000KB?id=62,4.500000,4.500000,15,21,24,24,27,34,37,37,37,37,37,25,25,15,16.600665799778653,2.9263129999890225,37.259831000483246,34.0
1609860144,39,GET,/files/view/100000000KB?id=63,4.500000,4.500000,16,20,20,23,25,26,29,29,29,29,29,25,25,16,16.008925039786845,2.7992279992758995,29.335205999814207,34.0
1609860144,39,GET,/files/view/100000000KB?id=64,4.500000,4.500000,15,20,25,25,29,32,34,34,34,34,34,24,24,14,16.064323750166903,2.788646999761113,33.822126999439206,34.0
1609860144,39,GET,/files/view/100000000KB?id=65,4.500000,4.500000,15,21,23,23,26,28,29,29,29,29,29,24,24,15,15.951611750097072,2.7051370016124565,28.8483210006234,34.0
1609860144,39,GET,/files/view/100000000KB?id=66,4.500000,4.500000,16,21,26,27,29,30,33,33,33,33,33,24,24,15,16.471647708461507,2.9683860011573415,32.97968200058676,34.0
1609860144,39,GET,/files/view/100000000KB?id=67,4.500000,4.500000,16,19,23,25,27,27,30,30,30,30,30,24,24,15,16.315496083355658,3.1010930015327176,29.7074119989702,34.0
1609860144,39,GET,/files/view/100000000KB?id=68,4.500000,4.500000,17,20,22,25,27,27,33,33,33,33,33,24,24,15,16.20265654166057,3.0672180000692606,33.068921000449336,34.0
1609860144,39,GET,/files/view/100000000KB?id=69,4.000000,4.000000,17,23,27,27,31,39,170,170,170,170,170,24,24,16,23.41864716663622,2.7970149985776516,166.89563500040094,34.0
1609860144,39,GET,/files/view/100000000KB?id=7,7.000000,7.000000,13,15,16,18,25,26,27,27,27,27,27,37,37,13,12.852293080819386,1.832121999541414,27.320166998833884,34.0
1609860144,39,GET,/files/view/100000000KB?id=70,4.000000,4.000000,15,22,25,27,32,33,34,34,34,34,34,23,23,15,16.883931695939165,3.4219520002807258,33.73100200042245,34.0
1609860144,39,GET,/files/view/100000000KB?id=71,4.000000,4.000000,15,21,22,25,26,31,31,31,31,31,31,23,23,15,15.997225521578398,4.0923639990069205,31.138119999013725,34.0
1609860144,39,GET,/files/view/100000000KB?id=72,4.000000,4.000000,15,23,25,26,28,29,29,29,29,29,29,23,23,15,16.329844086968755,3.617547999965609,29.19385799941665,34.0
1609860144,39,GET,/files/view/100000000KB?id=73,4.000000,4.000000,16,21,23,24,26,30,31,31,31,31,31,23,23,16,16.448757565186774,3.987867001342238,30.92169699993974,34.0
1609860144,39,GET,/files/view/100000000KB?id=74,4.000000,4.000000,14,23,23,26,26,29,33,33,33,33,33,23,23,14,16.5654177389629,5.3435359986906406,33.154401999127,34.0
1609860144,39,GET,/files/view/100000000KB?id=75,4.000000,4.000000,16,21,23,24,28,29,29,29,29,29,29,23,23,16,16.521631478099152,4.05263799984823,29.415201999654528,34.0
1609860144,39,GET,/files/view/100000000KB?id=76,4.000000,4.000000,15,22,22,25,29,30,43,43,43,43,43,22,22,14,16.87185259081823,5.358602000342216,43.3976669992262,34.0
1609860144,39,GET,/files/view/100000000KB?id=77,4.000000,4.000000,16,19,24,26,28,29,35,35,35,35,35,22,22,14,16.40546299999683,3.5879779989045346,34.6181910008454,34.0
1609860144,39,GET,/files/view/100000000KB?id=78,4.000000,4.000000,15,19,25,25,30,33,33,33,33,33,33,22,22,14,16.602121045418077,5.704676999812364,32.70719200008898,34.0
1609860144,39,GET,/files/view/100000000KB?id=79,4.000000,4.000000,17,19,23,24,28,30,31,31,31,31,31,22,22,16,16.56585531840061,3.9228660007211147,30.969116000051145,34.0
1609860144,39,GET,/files/view/100000000KB?id=8,7.000000,7.000000,18,25,26,28,31,36,37,37,37,37,37,37,37,18,18.452349162298315,1.7368369990435895,36.978423999244114,34.0
1609860144,39,GET,/files/view/100000000KB?id=80,4.000000,4.000000,15,23,23,24,31,34,170,170,170,170,170,22,22,15,23.21192995441379,5.020550999688567,166.61286000089603,34.0
1609860144,39,GET,/files/view/100000000KB?id=81,4.000000,4.000000,19,23,26,26,33,33,34,34,34,34,34,22,22,18,18.114867409167346,3.85997800003679,34.322820998568204,34.0
1609860144,39,GET,/files/view/100000000KB?id=82,3.500000,3.500000,15,19,21,21,27,31,33,33,33,33,33,21,21,15,15.81739752431791,5.544469000597019,33.364373000949854,34.0
1609860144,39,GET,/files/view/100000000KB?id=83,3.500000,3.500000,16,20,23,24,28,28,28,28,28,28,28,21,21,16,16.457819857220915,4.127063999476377,28.41318799983128,34.0
1609860144,39,GET,/files/view/100000000KB?id=84,3.500000,3.500000,17,19,21,22,25,28,32,32,32,32,32,21,21,17,16.218814000066708,5.001862999051809,31.639768998502404,34.0
1609860144,39,GET,/files/view/100000000KB?id=85,3.500000,3.500000,17,21,24,25,30,30,53,53,53,53,53,21,21,17,17.995218333280285,3.429620999668259,53.301812999052345,34.0
1609860144,39,GET,/files/view/100000000KB?id=86,3.500000,3.500000,17,22,25,25,26,28,32,32,32,32,32,21,21,17,16.733043809706164,4.878215000644559,32.1714889996656,34.0
1609860144,39,GET,/files/view/100000000KB?id=87,3.500000,3.500000,17,22,24,25,28,29,190,190,190,190,190,21,21,17,24.383536857602024,3.5497950011631474,192.1141050006554,34.0
1609860144,39,GET,/files/view/100000000KB?id=88,3.500000,3.500000,15,19,24,27,31,32,32,32,32,32,32,20,20,14,16.390202849925117,4.6907520008971915,31.740300999445026,34.0
1609860144,39,GET,/files/view/100000000KB?id=89,3.500000,3.500000,17,19,27,27,29,29,29,29,29,29,29,20,20,13,16.243803699944692,3.5613410000223666,28.89569900071365,34.0
1609860144,39,GET,/files/view/100000000KB?id=9,7.000000,7.000000,14,15,18,19,24,28,180,180,180,180,180,36,36,13,17.557919694405022,1.5546400009043282,181.00497799969162,34.0
1609860144,39,GET,/files/view/100000000KB?id=90,3.500000,3.500000,15,18,25,26,29,30,30,30,30,30,30,20,20,15,16.27051740006209,5.254937999779941,29.7150740007055,34.0
1609860144,39,GET,/files/view/100000000KB?id=91,3.500000,3.500000,14,19,23,24,27,28,28,28,28,28,28,19,19,14,15.653634947643456,4.1562879996490665,28.019200999551686,34.0
1609860144,39,GET,/files/view/100000000KB?id=92,3.500000,3.500000,16,17,24,26,29,180,180,180,180,180,180,19,19,16,24.416215000057587,5.796561999886762,183.60151700107963,34.0
1609860144,39,GET,/files/view/100000000KB?id=93,3.500000,3.500000,16,19,24,27,28,29,29,29,29,29,29,19,19,16,16.276591841999203,4.88313000096241,29.023330000200076,34.0
1609860144,39,GET,/files/view/100000000KB?id=94,3.500000,3.500000,16,20,25,25,28,48,48,48,48,48,48,19,19,16,17.746084578711336,6.865717999971821,47.87041599956865,34.0
1609860144,39,GET,/files/view/100000000KB?id=95,3.500000,3.500000,15,20,25,26,29,31,31,31,31,31,31,19,19,15,17.197883736834658,5.060886000137543,31.433651000043028,34.0
1609860144,39,GET,/files/view/100000000KB?id=96,3.500000,3.500000,16,20,25,28,29,30,30,30,30,30,30,19,19,16,17.02584952650604,6.133435999799985,29.819436000252608,34.0
1609860144,39,GET,/files/view/100000000KB?id=97,3.000000,3.000000,18,19,24,26,30,32,32,32,32,32,32,19,19,18,17.179527894864133,5.10438899982546,32.144606000656495,34.0
1609860144,39,GET,/files/view/100000000KB?id=98,3.000000,3.000000,17,18,25,25,28,28,28,28,28,28,28,18,18,11,16.238069833485092,5.919146000451292,28.488859001299716,34.0
1609860144,39,GET,/files/view/100000000KB?id=99,3.000000,3.000000,15,20,21,22,32,33,33,33,33,33,33,18,18,14,16.784060333318646,5.610477999653085,32.766530001026695,34.0
1609860144,39,,Aggregated,514.000000,514.000000,15,20,23,24,29,32,36,47,190,190,190,2759,2759,15,17.218694265293447,1.5546400009043282,192.1141050006554,34.0
1609860145,49,GET,/files/view/100000000KB?id=0,7.666667,7.666667,33,43,50,52,57,64,71,71,71,71,71,48,48,33,34.36005454170754,4.052174001117237,71.3320710001426,34.0
1609860145,49,GET,/files/view/100000000KB?id=1,7.666667,7.666667,13,19,23,24,28,31,200,200,200,200,200,48,48,13,18.777582291628885,2.3377779998554615,195.56038200062176,34.0
1609860145,49,GET,/files/view/100000000KB?id=10,7.333333,7.333333,21,28,32,33,35,43,51,51,51,51,51,45,45,21,22.16242104441335,1.569210000525345,51.135220999640296,34.0
1609860145,49,GET,/files/view/100000000KB?id=11,7.000000,7.000000,15,21,24,26,30,32,34,34,34,34,34,44,44,15,16.383297568237058,1.8797270004142774,33.901095999681274,34.0
1609860145,49,GET,/files/view/100000000KB?id=12,7.000000,7.000000,22,29,32,34,45,47,190,190,190,190,190,44,44,21,25.70097672733854,1.6054850002547028,189.64258600135508,34.0
1609860145,49,GET,/files/view/100000000KB?id=13,7.000000,7.000000,15,19,24,26,30,36,44,44,44,44,44,44,44,15,16.682989636055108,1.5914809991954826,43.62846399999398,34.0
1609860145,49,GET,/files/view/100000000KB?id=14,7.000000,7.000000,23,29,31,31,35,38,51,51,51,51,51,44,44,23,21.84443865929676,1.5577650010527577,51.35424900072394,34.0
1609860145,49,GET,/files/view/100000000KB?id=15,7.000000,7.000000,16,20,26,27,31,37,47,47,47,47,47,43,43,16,17.55012141840653,2.0813089995499467,46.9997020009032,34.0
1609860145,49,GET,/files/view/100000000KB?id=16,7.000000,7.000000,21,28,34,35,40,45,190,190,190,190,190,43,43,21,25.65230376726398,1.6122630004247185,189.6809950012539,34.0
1609860145,49,GET,/files/view/100000000KB?id=17,6.666667,6.666667,17,22,24,26,32,44,180,180,180,180,180,43,43,17,21.45301227908423,2.9126139997970313,176.94788700100617,34.0
1609860145,49,GET,/files/view/100000000KB?id=18,6.666667,6.666667,22,27,29,30,36,38,42,42,42,42,42,42,42,21,20.692501261951943,2.3195170015242184,41.65997100062668,34.0
1609860145,49,GET,/files/view/100000000KB?id=19,6.666667,6.666667,16,20,24,27,32,33,46,46,46,46,46,42,42,16,17.459300666684744,2.520300000469433,46.15673999978753,34.0
1609860145,49,GET,/files/view/100000000KB?id=2,7.666667,7.666667,23,31,33,35,45,49,190,190,190,190,190,47,47,23,26.622490212832147,2.0684060000348836,186.32997399981832,34.0
1609860145,49,GET,/files/view/100000000KB?id=20,6.333333,6.333333,21,27,31,36,40,41,190,190,190,190,190,42,42,20,25.342346714145,2.2851209996588295,189.59671499942488,34.0
1609860145,49,GET,/files/view/100000000KB?id=21,6.333333,6.333333,17,21,26,26,31,40,44,44,44,44,44,41,41,17,17.825850365669595,2.618964999783202,43.67965500023274,34.0
1609860145,49,GET,/files/view/100000000KB?id=22,6.333333,6.333333,20,29,31,32,36,41,51,51,51,51,51,41,41,20,21.34306256075655,2.763896000033128,50.907625000036205,34.0
1609860145,49,GET,/files/view/100000000KB?id=23,6.333333,6.333333,19,20,25,26,30,37,45,45,45,45,45,41,41,19,18.095883609797657,2.5144379997072974,44.76977900048951,34.0
1609860145,49,GET,/files/view/100000000KB?id=24,6.333333,6.333333,20,30,34,34,44,170,190,190,190,190,190,40,40,19,28.53358557495085,2.038000999164069,186.74921999991057,34.0
1609860145,49,GET,/files/view/100000000KB?id=25,6.333333,6.333333,18,21,25,28,32,36,46,46,46,46,46,40,40,17,18.15079419993708,1.6844250003487105,45.98968500067713,34.0
1609860145,49,GET,/files/view/100000000KB?id=26,6.333333,6.333333,20,28,31,31,40,47,48,48,48,48,48,40,40,19,20.920037799987767,1.9461709998722654,47.68588199840451,34.0
1609860145,49,GET,/files/view/100000000KB?id=27,6.000000,6.000000,18,21,26,27,34,39,51,51,51,51,51,40,40,17,18.751407000036124,1.8284600009792484,50.552220000099624,34.0
1609860145,49,GET,/files/view/100000000KB?id=28,6.000000,6.000000,19,23,30,32,37,44,50,50,50,50,50,39,39,19,20.508955948687987,1.8952600003103726,50.05049700048403,34.0
1609860145,49,GET,/files/view/100000000KB?id=29,6.000000,6.000000,17,21,26,31,34,37,200,200,200,200,200,39,39,17,22.543363769214828,1.7679979991953587,199.9318950001907,34.0
1609860145,49,GET,/files/view/100000000KB?id=3,7.666667,7.666667,13,20,23,26,29,30,34,34,34,34,34,47,47,13,15.607407382900574,1.8174300003011012,33.96518299996387,34.0
1609860145,49,GET,/files/view/100000000KB?id=30,6.000000,6.000000,19,27,32,32,36,38,43,43,43,43,43,38,38,19,19.911723684153433,1.834160000726115,42.57179100022768,34.0
1609860145,49,GET,/files/view/100000000KB?id=31,6.000000,6.000000,18,22,24,26,31,37,44,44,44,44,44,38,38,18,18.112535999869962,1.7923369996424299,43.93253899979754,34.0
1609860145,49,GET,/files/view/100000000KB?id=32,6.000000,6.000000,19,29,30,32,38,40,44,44,44,44,44,38,38,18,19.988401552549668,1.6933599999902071,44.47275699931197,34.0
1609860145,49,GET,/files/view/100000000KB?id=33,6.000000,6.000000,19,23,28,30,42,180,190,190,190,190,190,38,38,17,27.475176368553594,1.6972649991657818,186.43964800139656,34.0
1609860145,49,GET,/files/view/100000000KB?id=34,6.000000,6.000000,19,27,31,32,33,38,48,48,48,48,48,37,37,19,19.991050486439505,1.7672119993221713,47.98500000106287,34.0
1609860145,49,GET,/files/view/100000000KB?id=35,5.666667,5.666667,18,23,26,26,32,41,48,48,48,48,48,37,37,18,18.687091594393998,1.900408000437892,47.54401799982588,34.0
1609860145,49,GET,/files/view/100000000KB?id=36,5.666667,5.666667,20,24,28,31,33,45,49,49,49,49,49,37,37,20,20.613621675570233,1.8294969995622523,48.89141100102279,34.0
1609860145,49,GET,/files/view/100000000KB?id=37,5.666667,5.666667,19,23,26,31,38,43,200,200,200,200,200,37,37,19,23.77085354035788,1.7288510007347213,203.01121299962688,34.0
1609860145,49,GET,/files/view/100000000KB?id=38,5.666667,5.666667,18,24,26,29,33,34,42,42,42,42,42,36,36,18,19.073799027561716,2.0172760014247615,42.42221799904655,34.0
1609860145,49,GET,/files/view/100000000KB?id=39,5.666667,5.666667,20,24,28,29,35,39,42,42,42,42,42,36,36,20,19.55069424987717,3.1710209987068083,42.00927700003376,34.0
1609860145,49,GET,/files/view/100000000KB?id=4,7.666667,7.666667,23,30,32,33,35,40,54,54,54,54,54,47,47,23,22.548503574534095,1.7901020000863355,54.29344000003766,34.0
1609860145,49,GET,/files/view/100000000KB?id=40,5.666667,5.666667,19,24,29,31,35,44,45,45,45,45,45,36,36,19,20.2450002499164,3.2310360002156813,44.90604300008272,34.0
1609860145,49,GET,/files/view/100000000KB?id=41,5.666667,5.666667,20,24,28,28,36,40,43,43,43,43,43,36,36,18,19.37411980583824,3.0066680010349955,42.8584769997542,34.0
1609860145,49,GET,/files/view/100000000KB?id=42,5.666667,5.666667,18,24,32,33,34,180,210,210,210,210,210,35,35,18,28.972146114080847,3.6867869985144353,210.26494199941226,34.0
1609860145,49,GET,/files/view/100000000KB?id=43,5.333333,5.333333,19,23,26,27,33,38,44,44,44,44,44,35,35,19,18.473195057023467,3.4591939984238707,44.46691799967084,34.0
1609860145,49,GET,/files/view/100000000KB?id=44,5.333333,5.333333,19,24,29,33,39,46,52,52,52,52,52,35,35,19,20.423865771382616,4.163431000051787,51.946044999567675,34.0
1609860145,49,GET,/files/view/100000000KB?id=45,5.333333,5.333333,19,23,26,30,36,48,48,48,48,48,48,35,35,19,19.937494771355496,4.165604999798234,48.42503700092493,34.0
1609860145,49,GET,/files/view/100000000KB?id=46,5.333333,5.333333,19,23,28,32,34,36,38,38,38,38,38,34,34,18,19.372816352937235,3.1010429993330035,37.770789000205696,34.0
1609860145,49,GET,/files/view/100000000KB?id=47,5.333333,5.333333,19,24,26,27,39,42,210,210,210,210,210,34,34,17,24.30684191184649,2.7216609996685293,210.32738800022344,34.0
1609860145,49,GET,/files/view/100000000KB?id=48,5.333333,5.333333,20,24,31,35,38,40,41,41,41,41,41,34,34,19,20.412680264812746,2.7282150003884453,40.74744500030647,34.0
1609860145,49,GET,/files/view/100000000KB?id=49,5.333333,5.333333,19,25,26,28,35,41,47,47,47,47,47,34,34,19,19.405811353060606,2.718673998970189,47.07839700131444,34.0
1609860145,49,GET,/files/view/100000000KB?id=5,7.333333,7.333333,14,21,25,26,31,34,200,200,200,200,200,46,46,14,20.169828978198538,2.317804999620421,198.18615400072304,34.0
1609860145,49,GET,/files/view/100000000KB?id=50,5.333333,5.333333,19,24,30,32,34,40,42,42,42,42,42,33,33,19,20.0474929996827,3.174155001033796,41.69119399921328,34.0
1609860145,49,GET,/files/view/100000000KB?id=51,5.000000,5.000000,19,23,26,30,35,47,180,180,180,180,180,33,33,19,24.075062060629453,3.1409170005645137,178.30687499917985,34.0
1609860145,49,GET,/files/view/100000000KB?id=52,5.000000,5.000000,19,23,29,35,36,47,210,210,210,210,210,33,33,19,25.52392381844446,2.7701090002665296,206.74194999992324,34.0
1609860145,49,GET,/files/view/100000000KB?id=53,5.000000,5.000000,18,22,26,27,35,38,53,53,53,53,53,33,33,18,19.44627624244745,2.8101030002289917,52.693133999127895,34.0
1609860145,49,GET,/files/view/100000000KB?id=54,5.000000,5.000000,20,28,30,30,39,41,45,45,45,45,45,32,32,19,20.744225093665136,2.849403001164319,45.36186000041198,34.0
1609860145,49,GET,/files/view/100000000KB?id=55,5.000000,5.000000,17,24,27,28,32,38,40,40,40,40,40,32,32,17,18.63368815628519,2.769142000033753,40.16648600008921,34.0
1609860145,49,GET,/files/view/100000000KB?id=56,5.000000,5.000000,20,25,29,29,35,38,44,44,44,44,44,32,32,20,20.075716437418123,2.8773449994332623,44.097082000007504,34.0
1609860145,49,GET,/files/view/100000000KB?id=57,5.000000,5.000000,18,22,27,28,39,43,47,47,47,47,47,32,32,17,19.59425659373437,3.121794001344824,47.11373600002844,34.0
1609860145,49,GET,/files/view/100000000KB?id=58,5.000000,5.000000,19,23,30,32,37,38,200,200,200,200,200,31,31,19,25.313323129012133,3.119958999377559,202.99474199964607,34.0
1609860145,49,GET,/files/view/100000000KB?id=59,5.000000,5.000000,17,22,26,28,35,38,39,39,39,39,39,31,31,17,18.804579903160395,3.362992998518166,38.86654699999781,34.0
1609860145,49,GET,/files/view/100000000KB?id=6,7.333333,7.333333,23,29,33,35,39,42,49,49,49,49,49,46,46,23,22.696357869632344,1.8178899990743957,49.219020000236924,34.0
1609860145,49,GET,/files/view/100000000KB?id=60,4.666667,4.666667,21,25,28,33,38,44,180,180,180,180,180,31,31,21,25.486311064425184,2.7286040003673406,182.25430800157483,34.0
1609860145,49,GET,/files/view/100000000KB?id=61,4.666667,4.666667,18,23,27,29,38,44,52,52,52,52,52,31,31,18,19.984595161311578,2.6739990007627057,51.68283400053042,34.0
1609860145,49,GET,/files/view/100000000KB?id=62,4.666667,4.666667,21,24,27,30,37,41,50,50,50,50,50,31,31,21,20.54747470954739,2.9263129999890225,49.80682700079342,34.0
1609860145,49,GET,/files/view/100000000KB?id=63,4.666667,4.666667,19,22,25,26,37,40,44,44,44,44,44,30,30,19,19.208473433172912,2.7992279992758995,43.87336999934632,34.0
1609860145,49,GET,/files/view/100000000KB?id=64,4.666667,4.666667,20,25,29,32,39,40,210,210,210,210,210,30,30,17,25.612002866849554,2.788646999761113,213.02105799986748,34.0
1609860145,49,GET,/files/view/100000000KB?id=65,4.666667,4.666667,21,23,26,29,37,39,46,46,46,46,46,30,30,19,19.56266123337021,2.7051370016124565,46.109299999443465,34.0
1609860145,49,GET,/files/view/100000000KB?id=66,4.666667,4.666667,17,27,28,30,33,36,48,48,48,48,48,29,29,17,19.61930734489278,2.9683860011573415,47.683128999779,34.0
1609860145,49,GET,/files/view/100000000KB?id=67,4.666667,4.666667,19,23,27,27,32,33,39,39,39,39,39,29,29,19,18.895836344858377,3.1010930015327176,38.736102998882416,34.0
1609860145,49,GET,/files/view/100000000KB?id=68,4.666667,4.666667,18,25,27,30,37,38,47,47,47,47,47,29,29,18,19.666038827600804,3.0672180000692606,46.993932000987115,34.0
1609860145,49,GET,/files/view/100000000KB?id=69,4.333333,4.333333,21,27,30,35,39,43,170,170,170,170,170,29,29,21,25.344852965457086,2.7970149985776516,166.89563500040094,34.0
1609860145,49,GET,/files/view/100000000KB?id=7,7.333333,7.333333,15,19,23,25,30,31,46,46,46,46,46,46,46,14,16.143430912922234,1.832121999541414,45.64357700110122,34.0
1609860145,49,GET,/files/view/100000000KB?id=70,4.333333,4.333333,22,28,29,33,40,51,210,210,210,210,210,29,29,22,26.752960689856113,3.4219520002807258,206.75539399962872,34.0
1609860145,49,GET,/files/view/100000000KB?id=71,4.333333,4.333333,18,25,27,28,33,35,46,46,46,46,46,28,28,17,19.222721356917255,4.0923639990069205,46.219521998864366,34.0
1609860145,49,GET,/files/view/100000000KB?id=72,4.333333,4.333333,19,26,28,29,32,34,42,42,42,42,42,28,28,18,19.38272014285758,3.617547999965609,42.28507099833223,34.0
1609860145,49,GET,/files/view/100000000KB?id=73,4.333333,4.333333,20,23,26,26,36,37,45,45,45,45,45,28,28,18,19.425266107126454,3.987867001342238,45.31101400061743,34.0
1609860145,49,GET,/files/view/100000000KB?id=74,4.333333,4.333333,22,26,26,29,33,37,50,50,50,50,50,28,28,22,19.879638285601686,5.3435359986906406,49.54184400048689,34.0
1609860145,49,GET,/files/view/100000000KB?id=75,4.333333,4.333333,20,24,28,29,40,45,48,48,48,48,48,28,28,18,20.306413964200537,4.05263799984823,48.107876000358374,34.0
1609860145,49,GET,/files/view/100000000KB?id=76,4.333333,4.333333,20,25,29,30,37,43,210,210,210,210,210,27,27,20,26.42537081481822,5.358602000342216,210.2510570002778,34.0
1609860145,49,GET,/files/view/100000000KB?id=77,4.333333,4.333333,17,24,27,28,35,38,45,45,45,45,45,27,27,17,19.415325518585398,3.5879779989045346,45.22458500105131,34.0
1609860145,49,GET,/files/view/100000000KB?id=78,4.000000,4.000000,17,25,30,33,33,37,40,40,40,40,40,27,27,17,19.911986259103287,5.704676999812364,39.60614699826692,34.0
1609860145,49,GET,/files/view/100000000KB?id=79,4.000000,4.000000,18,24,26,26,31,38,48,48,48,48,48,27,27,18,19.406668629825518,3.9228660007211147,47.67520799941849,34.0
1609860145,49,GET,/files/view/100000000KB?id=8,7.333333,7.333333,23,28,31,33,36,37,49,49,49,49,49,45,45,23,21.890814333487974,1.7368369990435895,48.70725799992215,34.0
1609860145,49,GET,/files/view/100000000KB?id=80,4.000000,4.000000,21,24,31,34,40,45,170,170,170,170,170,27,27,21,25.824141259228647,5.020550999688567,166.61286000089603,34.0
1609860145,49,GET,/files/view/100000000KB?id=81,4.000000,4.000000,20,26,26,31,34,35,44,44,44,44,44,26,26,19,20.34518696165413,3.85997800003679,44.40466699998069,34.0
1609860145,49,GET,/files/view/100000000KB?id=82,4.000000,4.000000,19,23,31,33,35,39,200,200,200,200,200,26,26,18,25.92144146190269,5.544469000597019,199.96450100006768,34.0
1609860145,49,GET,/files/view/100000000KB?id=83,4.000000,4.000000,20,24,26,28,31,34,44,44,44,44,44,26,26,18,19.493857692395977,4.127063999476377,43.92608200032555,34.0
1609860145,49,GET,/files/view/100000000KB?id=84,4.000000,4.000000,19,25,28,29,36,37,41,41,41,41,41,26,26,18,19.94671707689122,5.001862999051809,41.06011399926501,34.0
1609860145,49,GET,/files/view/100000000KB?id=85,4.000000,4.000000,21,27,27,27,30,47,53,53,53,53,53,26,26,19,20.5776096538382,3.429620999668259,53.301812999052345,34.0
1609860145,49,GET,/files/view/100000000KB?id=86,4.000000,4.000000,22,26,28,30,38,40,43,43,43,43,43,26,26,20,20.698826230937602,4.878215000644559,43.10965600052441,34.0
1609860145,49,GET,/files/view/100000000KB?id=87,4.000000,4.000000,19,25,28,29,31,36,190,190,190,190,190,25,25,19,25.48318608038244,3.5497950011631474,192.1141050006554,34.0
1609860145,49,GET,/files/view/100000000KB?id=88,3.666667,3.666667,17,27,31,32,34,42,51,51,51,51,51,25,25,17,20.777377519989386,4.6907520008971915,50.94734399972367,34.0
1609860145,49,GET,/files/view/100000000KB?id=89,3.666667,3.666667,19,27,28,29,31,32,39,39,39,39,39,25,25,19,19.352669599829824,3.5613410000223666,38.91103399837448,34.0
1609860145,49,GET,/files/view/100000000KB?id=9,7.333333,7.333333,15,20,24,28,35,46,200,200,200,200,200,45,45,15,24.258286577767446,1.5546400009043282,196.91690600120637,34.0
1609860145,49,GET,/files/view/100000000KB?id=90,3.666667,3.666667,17,26,28,30,34,37,51,51,51,51,51,25,25,17,20.14669104013592,5.254937999779941,50.54887900041649,34.0
1609860145,49,GET,/files/view/100000000KB?id=91,3.666667,3.666667,19,26,28,31,31,32,200,200,200,200,200,25,25,19,26.19454672036227,4.1562879996490665,202.97721400129376,34.0
1609860145,49,GET,/files/view/100000000KB?id=92,3.666667,3.666667,17,26,29,33,38,54,180,180,180,180,180,25,25,17,27.305921320075868,5.796561999886762,183.60151700107963,34.0
1609860145,49,GET,/files/view/100000000KB?id=93,3.666667,3.666667,19,27,28,29,33,36,41,41,41,41,41,24,24,18,19.95294237493302,4.88313000096241,41.196812999260146,34.0
1609860145,49,GET,/files/view/100000000KB?id=94,3.666667,3.666667,20,25,29,29,33,43,48,48,48,48,48,24,24,19,20.858407249761513,6.865717999971821,47.87041599956865,34.0
1609860145,49,GET,/files/view/100000000KB?id=95,3.666667,3.666667,20,26,29,30,32,37,43,43,43,43,43,24,24,20,20.659823041645115,5.060886000137543,42.72448499978054,34.0
1609860145,49,GET,/files/view/100000000KB?id=96,3.666667,3.666667,20,27,29,30,32,36,42,42,42,42,42,24,24,20,20.561075333413708,6.133435999799985,42.3167970002396,34.0
1609860145,49,GET,/files/view/100000000KB?id=97,3.666667,3.666667,19,26,30,31,32,36,39,39,39,39,39,24,24,19,20.583227875097993,5.10438899982546,38.816643000245676,34.0
1609860145,49,GET,/files/view/100000000KB?id=98,3.666667,3.666667,19,28,33,35,40,48,210,210,210,210,210,24,24,18,28.93379375003254,5.919146000451292,206.73532799992245,34.0
1609860145,49,GET,/files/view/100000000KB?id=99,3.333333,3.333333,20,27,32,32,34,37,37,37,37,37,37,23,23,20,20.438407043516435,5.610477999653085,37.18067099907785,34.0
1609860145,49,,Aggregated,534.333333,534.333333,19,24,28,30,35,41,49,64,210,210,210,3420,3420,19,21.368365128055515,1.5546400009043282,213.02105799986748,34.0
1609860147,58,GET,/files/view/100000000KB?id=0,8.000000,8.000000,38,52,57,64,71,76,84,85,85,85,85,58,58,38,40.773288810324345,4.052174001117237,85.13005900022108,34.0
1609860147,58,GET,/files/view/100000000KB?id=1,8.000000,8.000000,18,24,28,30,33,35,37,200,200,200,200,58,58,17,21.170656258618692,2.3377779998554615,195.56038200062176,34.0
1609860147,58,GET,/files/view/100000000KB?id=10,7.400000,7.400000,26,33,35,41,50,51,55,66,66,66,66,54,54,25,26.657987499978237,1.569210000525345,66.17459100016276,34.0
1609860147,58,GET,/files/view/100000000KB?id=11,7.400000,7.400000,18,26,30,33,35,37,37,51,51,51,51,54,54,17,20.14986444447897,1.8797270004142774,50.88340399925073,34.0
1609860147,58,GET,/files/view/100000000KB?id=12,7.400000,7.400000,28,34,41,45,50,190,210,210,210,210,210,54,54,27,35.54540331495244,1.6054850002547028,205.41784000124608,34.0
1609860147,58,GET,/files/view/100000000KB?id=13,7.400000,7.400000,17,25,30,35,36,44,44,45,45,45,45,52,52,16,19.95089361515476,1.5914809991954826,44.58373700072116,34.0
1609860147,58,GET,/files/view/100000000KB?id=14,7.200000,7.200000,27,31,35,38,43,48,48,51,51,51,51,52,52,27,25.241829057904397,1.5577650010527577,51.35424900072394,34.0
1609860147,58,GET,/files/view/100000000KB?id=15,7.200000,7.200000,17,26,31,33,39,47,47,51,51,51,51,51,51,17,21.107856039010336,2.0813089995499467,50.91022699889436,34.0
1609860147,58,GET,/files/view/100000000KB?id=16,7.200000,7.200000,26,35,40,42,45,49,55,190,190,190,190,51,51,26,28.824292509621134,1.6122630004247185,189.6809950012539,34.0
1609860147,58,GET,/files/view/100000000KB?id=17,7.200000,7.200000,20,25,31,33,40,44,46,180,180,180,180,51,51,20,23.74771596074496,2.9126139997970313,176.94788700100617,34.0
1609860147,58,GET,/files/view/100000000KB?id=18,7.000000,7.000000,25,30,36,40,47,52,53,53,53,53,53,50,50,24,25.050413420030964,2.3195170015242184,52.91947200021241,34.0
1609860147,58,GET,/files/view/100000000KB?id=19,7.000000,7.000000,19,27,31,33,38,43,48,48,48,48,48,50,50,18,20.795975220062246,2.520300000469433,47.53767399961362,34.0
1609860147,58,GET,/files/view/100000000KB?id=2,8.000000,8.000000,27,35,43,46,51,62,65,190,190,190,190,57,57,27,31.02693170180908,2.0684060000348836,186.32997399981832,34.0
1609860147,58,GET,/files/view/100000000KB?id=20,7.000000,7.000000,25,36,38,41,47,49,190,190,190,190,190,50,50,24,28.45918441988033,2.2851209996588295,189.59671499942488,34.0
1609860147,58,GET,/files/view/100000000KB?id=21,7.000000,7.000000,19,26,30,36,40,44,56,56,56,56,56,49,49,19,21.45852169377001,2.618964999783202,55.52961600005801,34.0
1609860147,58,GET,/files/view/100000000KB?id=22,6.800000,6.800000,25,32,36,38,42,46,63,63,63,63,63,49,49,25,24.971769081480023,2.763896000033128,63.24925899934897,34.0
1609860147,58,GET,/files/view/100000000KB?id=23,6.800000,6.800000,19,26,30,37,42,43,200,200,200,200,200,49,49,19,24.990819489807,2.5144379997072974,200.44331399913062,34.0
1609860147,58,GET,/files/view/100000000KB?id=24,6.800000,6.800000,26,34,38,39,49,56,190,190,190,190,190,48,48,22,31.114815333315466,2.038000999164069,186.74921999991057,34.0
1609860147,58,GET,/files/view/100000000KB?id=25,6.800000,6.800000,20,26,32,36,41,43,53,53,53,53,53,48,48,19,21.94498639577584,1.6844250003487105,52.81438600104593,34.0
1609860147,58,GET,/files/view/100000000KB?id=26,6.600000,6.600000,21,31,34,37,46,47,54,54,54,54,54,47,47,21,24.12066191484089,1.9461709998722654,53.9250740002899,34.0
1609860147,58,GET,/files/view/100000000KB?id=27,6.600000,6.600000,20,26,32,34,41,44,51,51,51,51,51,47,47,20,22.06358906380743,1.8284600009792484,50.552220000099624,34.0
1609860147,58,GET,/files/view/100000000KB?id=28,6.600000,6.600000,22,32,37,37,46,50,200,200,200,200,200,47,47,22,27.852135042462095,1.8952600003103726,196.2033869986044,34.0
1609860147,58,GET,/files/view/100000000KB?id=29,6.600000,6.600000,19,27,32,33,42,44,200,200,200,200,200,46,46,19,25.426194652185508,1.7679979991953587,199.9318950001907,34.0
1609860147,58,GET,/files/view/100000000KB?id=3,8.000000,8.000000,15,26,29,30,33,34,34,41,41,41,41,57,57,15,18.52998614036519,1.8174300003011012,40.59608900024614,34.0
1609860147,58,GET,/files/view/100000000KB?id=30,6.400000,6.400000,23,32,35,36,41,44,64,64,64,64,64,46,46,22,24.082421412972707,1.834160000726115,64.01868300054048,34.0
1609860147,58,GET,/files/view/100000000KB?id=31,6.400000,6.400000,22,26,31,31,42,46,200,200,200,200,200,46,46,21,25.175587434679745,1.7923369996424299,198.11311100056628,34.0
1609860147,58,GET,/files/view/100000000KB?id=32,6.400000,6.400000,21,31,34,38,44,47,55,55,55,55,55,45,45,21,23.81656773322902,1.6933599999902071,55.09697599882202,34.0
1609860147,58,GET,/files/view/100000000KB?id=33,6.400000,6.400000,22,28,32,38,45,47,190,190,190,190,190,45,45,22,29.210676244434175,1.6972649991657818,186.43964800139656,34.0
1609860147,58,GET,/files/view/100000000KB?id=34,6.200000,6.200000,23,32,33,38,46,48,59,59,59,59,59,45,45,23,24.472880977716866,1.7672119993221713,58.62591199911549,34.0
1609860147,58,GET,/files/view/100000000KB?id=35,6.200000,6.200000,22,26,31,33,42,45,48,48,48,48,48,44,44,22,22.134962318018964,1.900408000437892,47.54401799982588,34.0
1609860147,58,GET,/files/view/100000000KB?id=36,6.200000,6.200000,23,31,33,37,45,48,59,59,59,59,59,44,44,21,24.217306545407073,1.8294969995622523,58.655521999753546,34.0
1609860147,58,GET,/files/view/100000000KB?id=37,6.200000,6.200000,22,31,34,37,43,44,200,200,200,200,200,44,44,22,26.39344449988295,1.7288510007347213,203.01121299962688,34.0
1609860147,58,GET,/files/view/100000000KB?id=38,6.200000,6.200000,23,29,34,36,42,57,200,200,200,200,200,44,44,22,27.574020068062634,2.0172760014247615,203.0388020011742,34.0
1609860147,58,GET,/files/view/100000000KB?id=39,6.000000,6.000000,23,29,34,36,39,42,49,49,49,49,49,43,43,23,22.894406302225963,3.1710209987068083,48.78151400043862,34.0
1609860147,58,GET,/files/view/100000000KB?id=4,7.800000,7.800000,29,33,35,42,51,54,55,210,210,210,210,57,57,29,30.096949842182017,1.7901020000863355,207.46003999920504,34.0
1609860147,58,GET,/files/view/100000000KB?id=40,6.000000,6.000000,20,31,35,38,44,45,48,48,48,48,48,43,43,20,23.76000976737698,3.2310360002156813,47.95025600105873,34.0
1609860147,58,GET,/files/view/100000000KB?id=41,6.000000,6.000000,21,28,35,35,43,47,200,200,200,200,200,43,43,21,26.494679186260665,3.0066680010349955,200.55977499941946,34.0
1609860147,58,GET,/files/view/100000000KB?id=42,6.000000,6.000000,21,33,34,36,47,55,210,210,210,210,210,42,42,21,31.629772618847102,3.6867869985144353,210.26494199941226,34.0
1609860147,58,GET,/files/view/100000000KB?id=43,5.800000,5.800000,21,27,33,34,38,44,52,52,52,52,52,42,42,21,22.17785735701043,3.4591939984238707,51.53236299884156,34.0
1609860147,58,GET,/files/view/100000000KB?id=44,5.800000,5.800000,20,30,38,39,43,52,190,190,190,190,190,42,42,20,27.52676776188829,4.163431000051787,189.61267600025167,34.0
1609860147,58,GET,/files/view/100000000KB?id=45,5.800000,5.800000,21,27,33,34,42,48,48,48,48,48,48,41,41,21,22.814768268201476,4.165604999798234,48.42503700092493,34.0
1609860147,58,GET,/files/view/100000000KB?id=46,5.800000,5.800000,21,32,34,36,42,51,52,52,52,52,52,41,41,21,23.997479951148996,3.1010429993330035,52.20288700002129,34.0
1609860147,58,GET,/files/view/100000000KB?id=47,5.800000,5.800000,22,27,33,36,42,48,210,210,210,210,210,41,41,22,26.982112268364645,2.7216609996685293,210.32738800022344,34.0
1609860147,58,GET,/files/view/100000000KB?id=48,5.600000,5.600000,21,33,36,38,41,49,52,52,52,52,52,40,40,21,23.73263885015149,2.7282150003884453,51.78175600121904,34.0
1609860147,58,GET,/files/view/100000000KB?id=49,5.600000,5.600000,21,26,34,35,41,45,47,47,47,47,47,40,40,20,22.401976450100847,2.718673998970189,47.07839700131444,34.0
1609860147,58,GET,/files/view/100000000KB?id=5,7.800000,7.800000,17,26,30,31,35,44,45,200,200,200,200,56,56,16,22.851117178463806,2.317804999620421,198.18615400072304,34.0
1609860147,58,GET,/files/view/100000000KB?id=50,5.600000,5.600000,22,32,36,40,49,51,60,60,60,60,60,40,40,20,24.846159224671283,3.174155001033796,60.499355000501964,34.0
1609860147,58,GET,/files/view/100000000KB?id=51,5.600000,5.600000,23,30,35,39,42,180,190,190,190,190,190,40,40,22,30.450368225046986,3.1409170005645137,191.7423750001035,34.0
1609860147,58,GET,/files/view/100000000KB?id=52,5.600000,5.600000,22,30,35,36,47,49,210,210,210,210,210,39,39,22,28.00414982075148,2.7701090002665296,206.74194999992324,34.0
1609860147,58,GET,/files/view/100000000KB?id=53,5.400000,5.400000,21,26,35,37,38,53,58,58,58,58,58,39,39,21,22.792895820599277,2.8101030002289917,57.518479001373635,34.0
1609860147,58,GET,/files/view/100000000KB?id=54,5.400000,5.400000,22,30,37,40,45,47,48,48,48,48,48,38,38,21,24.505876657808823,2.849403001164319,48.29910199987353,34.0
1609860147,58,GET,/files/view/100000000KB?id=55,5.400000,5.400000,20,28,32,35,40,43,43,43,43,43,43,38,38,20,22.020455894753947,2.769142000033753,43.203213999731815,34.0
1609860147,58,GET,/files/view/100000000KB?id=56,5.400000,5.400000,24,29,32,36,44,45,47,47,47,47,47,38,38,22,23.400353578788206,2.8773449994332623,46.53216399856319,34.0
1609860147,58,GET,/files/view/100000000KB?id=57,5.400000,5.400000,21,28,37,39,42,47,55,55,55,55,55,38,38,19,23.15197365791583,3.121794001344824,54.84517100012454,34.0
1609860147,58,GET,/files/view/100000000KB?id=58,5.200000,5.200000,22,32,35,38,50,60,200,200,200,200,200,37,37,22,28.782797432418068,3.119958999377559,202.99474199964607,34.0
1609860147,58,GET,/files/view/100000000KB?id=59,5.200000,5.200000,18,28,32,35,39,43,43,43,43,43,43,37,37,18,22.00089199991576,3.362992998518166,43.09539799942286,34.0
1609860147,58,GET,/files/view/100000000KB?id=6,7.600000,7.600000,27,35,40,44,47,51,53,55,55,55,55,56,56,25,27.267734375072905,1.8178899990743957,55.3990389998944,34.0
1609860147,58,GET,/files/view/100000000KB?id=60,5.200000,5.200000,23,31,35,38,44,50,180,180,180,180,180,37,37,23,28.136171783714687,2.7286040003673406,182.25430800157483,34.0
1609860147,58,GET,/files/view/100000000KB?id=61,5.200000,5.200000,20,29,31,38,44,52,61,61,61,61,61,37,37,20,23.55463072981857,2.6739990007627057,60.559278001164785,34.0
1609860147,58,GET,/files/view/100000000KB?id=62,5.200000,5.200000,24,27,37,39,46,50,50,50,50,50,50,36,36,22,23.93792199993388,2.9263129999890225,49.80682700079342,34.0
1609860147,58,GET,/files/view/100000000KB?id=63,5.200000,5.200000,20,26,31,37,40,46,49,49,49,49,49,36,36,20,22.756837138786068,2.7992279992758995,48.80736999984947,34.0
1609860147,58,GET,/files/view/100000000KB?id=64,5.000000,5.000000,25,30,38,39,43,49,210,210,210,210,210,36,36,21,28.48969252793015,2.788646999761113,213.02105799986748,34.0
1609860147,58,GET,/files/view/100000000KB?id=65,5.000000,5.000000,21,28,32,37,44,46,190,190,190,190,190,36,36,21,27.186477138861342,2.7051370016124565,191.79144199915754,34.0
1609860147,58,GET,/files/view/100000000KB?id=66,5.000000,5.000000,24,30,33,36,48,55,57,57,57,57,57,35,35,24,24.14270142856237,2.9683860011573415,56.944076999570825,34.0
1609860147,58,GET,/files/view/100000000KB?id=67,5.000000,5.000000,21,27,32,35,40,45,45,45,45,45,45,35,35,21,22.65750854291712,3.1010930015327176,45.13312400013092,34.0
1609860147,58,GET,/files/view/100000000KB?id=68,5.000000,5.000000,22,30,36,37,40,47,47,47,47,47,47,35,35,22,23.20807822860453,3.0672180000692606,46.993932000987115,34.0
1609860147,58,GET,/files/view/100000000KB?id=69,5.000000,5.000000,24,34,37,38,45,170,190,190,190,190,190,35,35,24,32.22117768574598,2.7970149985776516,194.32351400064363,34.0
1609860147,58,GET,/files/view/100000000KB?id=7,7.600000,7.600000,16,25,29,31,35,38,43,46,46,46,46,55,55,16,19.298221363516692,1.832121999541414,45.64357700110122,34.0
1609860147,58,GET,/files/view/100000000KB?id=70,4.800000,4.800000,25,32,34,39,49,57,210,210,210,210,210,34,34,23,29.34287044140279,3.4219520002807258,206.75539399962872,34.0
1609860147,58,GET,/files/view/100000000KB?id=71,4.800000,4.800000,22,28,31,35,46,49,50,50,50,50,50,34,34,21,23.490632323313655,4.0923639990069205,50.078497999493266,34.0
1609860147,58,GET,/files/view/100000000KB?id=72,4.800000,4.800000,25,29,32,36,42,43,47,47,47,47,47,34,34,24,23.251571382335147,3.617547999965609,46.87342000033823,34.0
1609860147,58,GET,/files/view/100000000KB?id=73,4.800000,4.800000,23,26,32,36,43,47,200,200,200,200,200,34,34,22,27.742350205859537,3.987867001342238,202.91466200069408,34.0
1609860147,58,GET,/files/view/100000000KB?id=74,4.800000,4.800000,23,26,33,37,45,54,54,54,54,54,54,33,33,23,23.87680487873061,5.3435359986906406,53.605325001626625,34.0
1609860147,58,GET,/files/view/100000000KB?id=75,4.800000,4.800000,23,28,30,34,43,48,48,48,48,48,48,33,33,23,23.251096515058165,4.05263799984823,48.107876000358374,34.0
1609860147,58,GET,/files/view/100000000KB?id=76,4.600000,4.600000,22,30,37,41,44,53,210,210,210,210,210,33,33,22,29.70254139401015,5.358602000342216,210.2510570002778,34.0
1609860147,58,GET,/files/view/100000000KB?id=77,4.600000,4.600000,23,28,34,35,41,45,200,200,200,200,200,33,33,23,27.709667515106656,3.5879779989045346,198.0991480013472,34.0
1609860147,58,GET,/files/view/100000000KB?id=78,4.600000,4.600000,25,32,33,33,40,49,52,52,52,52,52,32,32,23,23.487370374823513,5.704676999812364,52.26686499918287,34.0
1609860147,58,GET,/files/view/100000000KB?id=79,4.600000,4.600000,23,26,31,38,42,46,48,48,48,48,48,32,32,22,23.06150353143721,3.9228660007211147,47.67520799941849,34.0
1609860147,58,GET,/files/view/100000000KB?id=8,7.600000,7.600000,26,33,37,43,49,51,53,62,62,62,62,55,55,26,26.816255618376257,1.7368369990435895,62.39638700026262,34.0
1609860147,58,GET,/files/view/100000000KB?id=80,4.600000,4.600000,23,31,37,37,45,54,170,170,170,170,170,32,32,23,28.222189374957907,5.020550999688567,166.61286000089603,34.0
1609860147,58,GET,/files/view/100000000KB?id=81,4.600000,4.600000,25,33,35,35,43,48,61,61,61,61,61,32,32,25,24.946368031351085,3.85997800003679,61.26789900008589,34.0
1609860147,58,GET,/files/view/100000000KB?id=82,4.400000,4.400000,21,31,34,34,39,47,200,200,200,200,200,31,31,21,27.90674822614575,5.544469000597019,199.96450100006768,34.0
1609860147,58,GET,/files/view/100000000KB?id=83,4.400000,4.400000,23,28,31,34,44,47,52,52,52,52,52,31,31,23,23.41960167752639,4.127063999476377,51.77678899963212,34.0
1609860147,58,GET,/files/view/100000000KB?id=84,4.400000,4.400000,21,29,35,36,41,46,49,49,49,49,49,31,31,21,23.412016967702055,5.001862999051809,49.01918999894406,34.0
1609860147,58,GET,/files/view/100000000KB?id=85,4.400000,4.400000,24,27,30,32,47,51,53,53,53,53,53,31,31,24,24.237878516179343,3.429620999668259,53.301812999052345,34.0
1609860147,58,GET,/files/view/100000000KB?id=86,4.400000,4.400000,25,30,35,37,40,44,190,190,190,190,190,31,31,25,28.589174354971377,4.878215000644559,194.3117920000077,34.0
1609860147,58,GET,/files/view/100000000KB?id=87,4.400000,4.400000,24,29,31,41,48,63,190,190,190,190,190,30,30,22,29.280956233803106,3.5497950011631474,192.1141050006554,34.0
1609860147,58,GET,/files/view/100000000KB?id=88,4.200000,4.200000,24,32,32,34,42,46,51,51,51,51,51,30,30,24,23.735758766573174,4.6907520008971915,50.94734399972367,34.0
1609860147,58,GET,/files/view/100000000KB?id=89,4.200000,4.200000,27,29,31,37,46,46,59,59,59,59,59,30,30,24,23.750243433156964,3.5613410000223666,58.743914998558466,34.0
1609860147,58,GET,/files/view/100000000KB?id=9,7.600000,7.600000,18,28,33,35,37,46,180,200,200,200,200,55,55,18,26.246803345367713,1.5546400009043282,196.91690600120637,34.0
1609860147,58,GET,/files/view/100000000KB?id=90,4.200000,4.200000,24,29,31,33,44,48,51,51,51,51,51,29,29,24,22.823865138105184,5.254937999779941,50.54887900041649,34.0
1609860147,58,GET,/files/view/100000000KB?id=91,4.200000,4.200000,23,30,31,32,44,45,200,200,200,200,200,29,29,23,28.241084965853148,4.1562879996490665,202.97721400129376,34.0
1609860147,58,GET,/files/view/100000000KB?id=92,4.200000,4.200000,24,31,34,35,52,54,180,180,180,180,180,29,29,24,29.16743203447901,5.796561999886762,183.60151700107963,34.0
1609860147,58,GET,/files/view/100000000KB?id=93,4.000000,4.000000,24,29,33,36,47,47,48,48,48,48,48,29,29,24,24.021653827542742,4.88313000096241,47.63841300155036,34.0
1609860147,58,GET,/files/view/100000000KB?id=94,4.000000,4.000000,25,29,33,37,44,48,51,51,51,51,51,29,29,25,24.381621448089298,6.865717999971821,50.767586999427294,34.0
1609860147,58,GET,/files/view/100000000KB?id=95,4.000000,4.000000,25,29,31,32,44,45,61,61,61,61,61,28,28,24,24.13199360710548,5.060886000137543,60.507423999297316,34.0
1609860147,58,GET,/files/view/100000000KB?id=96,4.000000,4.000000,25,29,32,34,42,42,43,43,43,43,43,28,28,24,23.325818392939773,6.133435999799985,42.96045199953369,34.0
1609860147,58,GET,/files/view/100000000KB?id=97,3.800000,3.800000,24,30,32,32,45,48,51,51,51,51,51,28,28,21,23.87286357153633,5.10438899982546,50.96502699962002,34.0
1609860147,58,GET,/files/view/100000000KB?id=98,3.800000,3.800000,25,33,37,39,45,48,210,210,210,210,210,28,28,25,30.406523785781506,5.919146000451292,206.73532799992245,34.0
1609860147,58,GET,/files/view/100000000KB?id=99,3.800000,3.800000,22,32,34,37,46,48,52,52,52,52,52,28,28,21,24.71060710714872,5.610477999653085,52.1840979999979,34.0
1609860147,58,,Aggregated,575.000000,575.000000,22,30,34,36,44,49,57,180,210,210,210,4092,4092,22,25.408007120222997,1.5546400009043282,213.02105799986748,34.0
1609860148,67,GET,/files/view/100000000KB?id=0,8.333333,8.333333,47,58,70,72,83,93,120,250,250,250,250,67,67,47,49.6419936119296,4.052174001117237,247.54307399962272,34.0
1609860148,67,GET,/files/view/100000000KB?id=1,8.166667,8.166667,22,28,33,34,37,46,48,200,200,200,200,67,67,22,23.67725201488543,2.3377779998554615,195.56038200062176,34.0
1609860148,67,GET,/files/view/100000000KB?id=10,7.666667,7.666667,30,37,49,51,56,59,70,220,220,220,220,63,63,30,33.688147920642336,1.569210000525345,220.9072980003839,34.0
1609860148,67,GET,/files/view/100000000KB?id=11,7.666667,7.666667,23,30,34,36,38,43,49,51,51,51,51,62,62,22,22.801493354857104,1.8797270004142774,50.88340399925073,34.0
1609860148,67,GET,/files/view/100000000KB?id=12,7.500000,7.500000,31,41,48,50,59,75,210,210,210,210,210,62,62,30,38.397349516227194,1.6054850002547028,205.41784000124608,34.0
1609860148,67,GET,/files/view/100000000KB?id=13,7.500000,7.500000,22,33,36,38,44,48,54,55,55,55,55,62,62,19,23.998500386926846,1.5914809991954826,55.43971500082989,34.0
1609860148,67,GET,/files/view/100000000KB?id=14,7.500000,7.500000,29,37,43,46,51,57,72,77,77,77,77,61,61,29,30.23237722968066,1.5577650010527577,76.63196800058358,34.0
1609860148,67,GET,/files/view/100000000KB?id=15,7.333333,7.333333,24,33,38,39,44,47,51,220,220,220,220,61,61,24,27.359835803061465,2.0813089995499467,215.9727769994788,34.0
1609860148,67,GET,/files/view/100000000KB?id=16,7.333333,7.333333,30,42,45,48,54,69,76,190,190,190,190,61,61,30,33.62365442611559,1.6122630004247185,189.6809950012539,34.0
1609860148,67,GET,/files/view/100000000KB?id=17,7.333333,7.333333,23,32,37,40,44,51,64,180,180,180,180,60,60,22,26.750621966645365,2.9126139997970313,176.94788700100617,34.0
1609860148,67,GET,/files/view/100000000KB?id=18,7.166667,7.166667,28,38,47,50,55,58,77,220,220,220,220,60,60,27,32.93534303341706,2.3195170015242184,217.21867700034636,34.0
1609860148,67,GET,/files/view/100000000KB?id=19,7.166667,7.166667,22,32,38,39,45,49,51,59,59,59,59,59,59,22,24.468337661053706,2.520300000469433,59.026942999480525,34.0
1609860148,67,GET,/files/view/100000000KB?id=2,8.166667,8.166667,31,45,49,52,60,65,190,220,220,220,220,66,66,31,37.31357810611922,2.0684060000348836,224.52550500020152,34.0
1609860148,67,GET,/files/view/100000000KB?id=20,7.166667,7.166667,28,40,44,46,55,59,72,190,190,190,190,58,58,27,32.14489932746927,2.2851209996588295,189.59671499942488,34.0
1609860148,67,GET,/files/view/100000000KB?id=21,7.166667,7.166667,24,33,39,40,46,51,56,210,210,210,210,58,58,23,27.782124775826404,2.618964999783202,210.91130700006033,34.0
1609860148,67,GET,/files/view/100000000KB?id=22,7.000000,7.000000,30,36,41,42,53,63,69,77,77,77,77,57,57,30,29.394835087594785,2.763896000033128,76.55368599989743,34.0
1609860148,67,GET,/files/view/100000000KB?id=23,7.000000,7.000000,20,32,39,42,44,46,48,200,200,200,200,57,57,20,27.54122921048787,2.5144379997072974,200.44331399913062,34.0
1609860148,67,GET,/files/view/100000000KB?id=24,7.000000,7.000000,32,38,46,49,56,74,170,190,190,190,190,57,57,32,35.210910842132556,2.038000999164069,186.74921999991057,34.0
1609860148,67,GET,/files/view/100000000KB?id=25,6.833333,6.833333,24,32,38,40,45,51,53,63,63,63,63,56,56,24,25.448362607156533,1.6844250003487105,62.59001500075101,34.0
1609860148,67,GET,/files/view/100000000KB?id=26,6.833333,6.833333,30,35,44,46,53,60,61,220,220,220,220,56,56,28,31.63007248206538,1.9461709998722654,223.34607700031484,34.0
1609860148,67,GET,/files/view/100000000KB?id=27,6.833333,6.833333,24,34,38,41,49,51,52,55,55,55,55,55,55,24,25.720657272772357,1.8284600009792484,55.458816001191735,34.0
1609860148,67,GET,/files/view/100000000KB?id=28,6.666667,6.666667,28,37,44,46,52,69,74,200,200,200,200,55,55,28,31.830489927200357,1.8952600003103726,196.2033869986044,34.0
1609860148,67,GET,/files/view/100000000KB?id=29,6.666667,6.666667,25,33,40,43,51,57,64,200,200,200,200,55,55,25,29.411574454603727,1.7679979991953587,199.9318950001907,34.0
1609860148,67,GET,/files/view/100000000KB?id=3,8.166667,8.166667,22,29,31,33,37,41,46,48,48,48,48,66,66,20,21.424321333335794,1.8174300003011012,47.949083000276005,34.0
1609860148,67,GET,/files/view/100000000KB?id=30,6.666667,6.666667,28,36,40,41,51,65,65,69,69,69,69,54,54,28,28.41723092579842,1.834160000726115,69.33978399865737,34.0
1609860148,67,GET,/files/view/100000000KB?id=31,6.666667,6.666667,23,31,39,42,46,56,57,200,200,200,200,54,54,22,28.484911314720833,1.7923369996424299,198.11311100056628,34.0
1609860148,67,GET,/files/view/100000000KB?id=32,6.500000,6.500000,29,37,43,44,50,63,67,73,73,73,73,54,54,29,28.932849685117144,1.6933599999902071,73.49893500031612,34.0
1609860148,67,GET,/files/view/100000000KB?id=33,6.500000,6.500000,26,32,42,44,47,75,180,190,190,190,190,52,52,23,32.24353823071187,1.6972649991657818,186.43964800139656,34.0
1609860148,67,GET,/files/view/100000000KB?id=34,6.333333,6.333333,29,33,44,45,48,51,52,59,59,59,59,52,52,28,27.603343307593885,1.7672119993221713,58.62591199911549,34.0
1609860148,67,GET,/files/view/100000000KB?id=35,6.333333,6.333333,23,31,41,43,46,50,73,210,210,210,210,51,51,23,29.13368382342371,1.900408000437892,209.66400600082125,34.0
1609860148,67,GET,/files/view/100000000KB?id=36,6.333333,6.333333,25,33,41,45,48,55,59,70,70,70,70,51,51,25,27.97068768624883,1.8294969995622523,70.05950799975835,34.0
1609860148,67,GET,/files/view/100000000KB?id=37,6.333333,6.333333,23,34,39,43,47,52,58,200,200,200,200,51,51,23,29.245585862679267,1.7288510007347213,203.01121299962688,34.0
1609860148,67,GET,/files/view/100000000KB?id=38,6.166667,6.166667,25,34,38,46,55,64,200,200,200,200,200,50,50,24,30.738298699907318,2.0172760014247615,203.0388020011742,34.0
1609860148,67,GET,/files/view/100000000KB?id=39,6.166667,6.166667,25,35,38,41,49,52,66,66,66,66,66,50,50,25,26.66881729986926,3.1710209987068083,66.02502799978538,34.0
1609860148,67,GET,/files/view/100000000KB?id=4,8.000000,8.000000,30,35,44,50,54,55,62,210,210,210,210,65,65,30,32.85222015387822,1.7901020000863355,207.46003999920504,34.0
1609860148,67,GET,/files/view/100000000KB?id=40,6.166667,6.166667,27,35,42,45,50,54,57,57,57,57,57,50,50,25,27.67072399994504,3.2310360002156813,56.908811999164755,34.0
1609860148,67,GET,/files/view/100000000KB?id=41,6.166667,6.166667,26,35,37,40,49,61,200,200,200,200,200,49,49,26,29.299598143032718,3.0066680010349955,200.55977499941946,34.0
1609860148,67,GET,/files/view/100000000KB?id=42,6.000000,6.000000,27,35,45,48,55,60,210,210,210,210,210,49,49,27,34.63358508140248,3.6867869985144353,210.26494199941226,34.0
1609860148,67,GET,/files/view/100000000KB?id=43,6.000000,6.000000,24,33,36,42,49,57,67,67,67,67,67,49,49,24,26.246320224326695,3.4591939984238707,67.16638899888494,34.0
1609860148,67,GET,/files/view/100000000KB?id=44,6.000000,6.000000,25,38,40,43,52,61,190,190,190,190,190,48,48,24,30.8140714791989,4.163431000051787,189.61267600025167,34.0
1609860148,67,GET,/files/view/100000000KB?id=45,6.000000,6.000000,25,34,41,45,48,49,70,70,70,70,70,48,48,23,26.823451499960054,4.165604999798234,70.1902130003873,34.0
1609860148,67,GET,/files/view/100000000KB?id=46,5.833333,5.833333,24,34,39,42,51,53,61,61,61,61,61,47,47,24,27.333696936151913,3.1010429993330035,61.12689300061902,34.0
1609860148,67,GET,/files/view/100000000KB?id=47,5.833333,5.833333,25,33,41,42,48,53,210,210,210,210,210,47,47,25,29.820887042583212,2.7216609996685293,210.32738800022344,34.0
1609860148,67,GET,/files/view/100000000KB?id=48,5.833333,5.833333,25,38,39,41,52,62,210,210,210,210,210,47,47,25,31.30474344695184,2.7282150003884453,212.1421329993609,34.0
1609860148,67,GET,/files/view/100000000KB?id=49,5.833333,5.833333,25,34,39,41,47,50,57,57,57,57,57,46,46,25,25.960214391409902,2.718673998970189,57.33964400133118,34.0
1609860148,67,GET,/files/view/100000000KB?id=5,8.000000,8.000000,23,30,34,35,42,45,53,200,200,200,200,65,65,23,25.311265522983515,2.317804999620421,198.18615400072304,34.0
1609860148,67,GET,/files/view/100000000KB?id=50,5.666667,5.666667,28,36,40,42,51,53,69,69,69,69,69,46,46,27,28.04512402148564,3.174155001033796,68.79745300102513,34.0
1609860148,67,GET,/files/view/100000000KB?id=51,5.666667,5.666667,25,35,39,42,52,60,190,190,190,190,190,46,46,24,33.20001167396739,3.1409170005645137,191.7423750001035,34.0
1609860148,67,GET,/files/view/100000000KB?id=52,5.666667,5.666667,25,35,40,42,49,65,210,210,210,210,210,45,45,25,31.27724875573929,2.7701090002665296,206.74194999992324,34.0
1609860148,67,GET,/files/view/100000000KB?id=53,5.666667,5.666667,22,35,37,38,50,54,58,58,58,58,58,45,45,22,26.30706008902861,2.8101030002289917,57.518479001373635,34.0
1609860148,67,GET,/files/view/100000000KB?id=54,5.500000,5.500000,29,39,41,45,48,51,220,220,220,220,220,45,45,29,32.26114419994701,2.849403001164319,222.06670800005668,34.0
1609860148,67,GET,/files/view/100000000KB?id=55,5.500000,5.500000,26,34,38,40,43,51,60,60,60,60,60,44,44,24,25.62037631820534,2.769142000033753,60.22883799960255,34.0
1609860148,67,GET,/files/view/100000000KB?id=56,5.500000,5.500000,26,35,38,44,47,52,67,67,67,67,67,44,44,25,27.080901522574344,2.8773449994332623,66.79403799898864,34.0
1609860148,67,GET,/files/view/100000000KB?id=57,5.500000,5.500000,23,38,40,41,47,55,68,68,68,68,68,44,44,22,26.765391522779034,3.121794001344824,67.56800699986343,34.0
1609860148,67,GET,/files/view/100000000KB?id=58,5.333333,5.333333,29,38,44,50,56,71,220,220,220,220,220,44,44,24,36.3252685908926,3.119958999377559,218.4556979991612,34.0
1609860148,67,GET,/files/view/100000000KB?id=59,5.333333,5.333333,24,35,38,39,43,51,68,68,68,68,68,43,43,24,25.96815281393965,3.362992998518166,67.73520000024291,34.0
1609860148,67,GET,/files/view/100000000KB?id=6,7.833333,7.833333,33,40,47,49,53,60,74,76,76,76,76,64,64,29,31.465070453180033,1.8178899990743957,75.96775800084288,34.0
1609860148,67,GET,/files/view/100000000KB?id=60,5.333333,5.333333,26,38,43,44,50,54,180,180,180,180,180,43,43,26,31.00277334873004,2.7286040003673406,182.25430800157483,34.0
1609860148,67,GET,/files/view/100000000KB?id=61,5.333333,5.333333,23,34,40,42,52,61,69,69,69,69,69,43,43,23,27.521602976818496,2.6739990007627057,69.38597500084143,34.0
1609860148,67,GET,/files/view/100000000KB?id=62,5.166667,5.166667,25,37,44,46,50,55,210,210,210,210,210,42,42,24,31.774160238022713,2.9263129999890225,214.5819859997573,34.0
1609860148,67,GET,/files/view/100000000KB?id=63,5.166667,5.166667,24,31,39,40,45,49,71,71,71,71,71,42,42,23,26.51110447610942,2.7992279992758995,71.29974400049832,34.0
1609860148,67,GET,/files/view/100000000KB?id=64,5.166667,5.166667,29,38,42,43,51,55,210,210,210,210,210,42,42,27,31.716442571580824,2.788646999761113,213.02105799986748,34.0
1609860148,67,GET,/files/view/100000000KB?id=65,5.166667,5.166667,23,32,39,42,44,48,190,190,190,190,190,41,41,23,29.761652341465645,2.7051370016124565,191.79144199915754,34.0
1609860148,67,GET,/files/view/100000000KB?id=66,5.166667,5.166667,27,36,41,48,55,57,68,68,68,68,68,41,41,27,28.692919853666552,2.9683860011573415,67.63933500042185,34.0
1609860148,67,GET,/files/view/100000000KB?id=67,5.000000,5.000000,25,33,38,40,45,47,56,56,56,56,56,41,41,25,26.173981951238027,3.1010930015327176,56.463521999830846,34.0
1609860148,67,GET,/files/view/100000000KB?id=68,5.000000,5.000000,26,36,39,42,50,56,65,65,65,65,65,40,40,25,26.90923992504395,3.0672180000692606,64.59940100103267,34.0
1609860148,67,GET,/files/view/100000000KB?id=69,5.000000,5.000000,27,37,41,45,55,170,190,190,190,190,190,40,40,27,34.46001717506988,2.7970149985776516,194.32351400064363,34.0
1609860148,67,GET,/files/view/100000000KB?id=7,7.833333,7.833333,23,30,34,37,38,44,48,210,210,210,210,64,64,21,24.760017468679507,1.832121999541414,207.26823800032435,34.0
1609860148,67,GET,/files/view/100000000KB?id=70,4.833333,4.833333,28,36,45,49,57,66,210,210,210,210,210,40,40,28,33.13371277513397,3.4219520002807258,206.75539399962872,34.0
1609860148,67,GET,/files/view/100000000KB?id=71,4.833333,4.833333,26,33,39,46,50,54,56,56,56,56,56,40,40,26,27.102301199875,4.0923639990069205,56.22863700045855,34.0
1609860148,67,GET,/files/view/100000000KB?id=72,4.833333,4.833333,26,32,41,42,49,50,64,64,64,64,64,39,39,26,26.888146974297108,3.617547999965609,63.62290099968959,34.0
1609860148,67,GET,/files/view/100000000KB?id=73,4.833333,4.833333,24,32,40,42,47,68,200,200,200,200,200,39,39,24,30.516662230720378,3.987867001342238,202.91466200069408,34.0
1609860148,67,GET,/files/view/100000000KB?id=74,4.833333,4.833333,26,33,40,45,54,54,58,58,58,58,58,38,38,26,27.510232631500816,5.3435359986906406,57.84701899938227,34.0
1609860148,67,GET,/files/view/100000000KB?id=75,4.666667,4.666667,25,34,40,43,48,53,63,63,63,63,63,38,38,24,26.73599965778282,4.05263799984823,63.26930599971092,34.0
1609860148,67,GET,/files/view/100000000KB?id=76,4.666667,4.666667,27,39,41,44,53,56,210,210,210,210,210,38,38,27,32.20266986844715,5.358602000342216,210.2510570002778,34.0
1609860148,67,GET,/files/view/100000000KB?id=77,4.666667,4.666667,26,35,39,41,50,73,200,200,200,200,200,38,38,24,30.805097973681864,3.5879779989045346,198.0991480013472,34.0
1609860148,67,GET,/files/view/100000000KB?id=78,4.666667,4.666667,25,33,38,41,52,55,62,62,62,62,62,37,37,25,27.323130486291955,5.704676999812364,61.5385420005623,34.0
1609860148,67,GET,/files/view/100000000KB?id=79,4.666667,4.666667,24,31,41,42,46,48,69,69,69,69,69,37,37,24,26.61166029743932,3.9228660007211147,69.4259649990272,34.0
1609860148,67,GET,/files/view/100000000KB?id=8,7.833333,7.833333,30,37,48,50,56,60,69,71,71,71,71,64,64,30,31.341353953251883,1.7368369990435895,71.13942400064843,34.0
1609860148,67,GET,/files/view/100000000KB?id=80,4.500000,4.500000,28,37,40,44,54,66,170,170,170,170,170,37,37,28,31.336545756808796,5.020550999688567,166.61286000089603,34.0
1609860148,67,GET,/files/view/100000000KB?id=81,4.500000,4.500000,26,35,41,43,49,55,61,61,61,61,61,37,37,26,28.240004432616942,3.85997800003679,61.26789900008589,34.0
1609860148,67,GET,/files/view/100000000KB?id=82,4.500000,4.500000,27,34,39,43,53,200,220,220,220,220,220,36,36,23,35.99304472244411,5.544469000597019,219.62946699932218,34.0
1609860148,67,GET,/files/view/100000000KB?id=83,4.500000,4.500000,26,31,42,44,47,52,52,52,52,52,52,36,36,24,26.601641666780374,4.127063999476377,52.143500000966014,34.0
1609860148,67,GET,/files/view/100000000KB?id=84,4.500000,4.500000,25,35,41,41,49,56,63,63,63,63,63,36,36,25,27.377304722146317,5.001862999051809,62.79834500128345,34.0
1609860148,67,GET,/files/view/100000000KB?id=85,4.333333,4.333333,27,30,44,46,51,53,58,58,58,58,58,36,36,27,27.778662861136482,3.429620999668259,58.05224499999895,34.0
1609860148,67,GET,/files/view/100000000KB?id=86,4.333333,4.333333,26,35,39,43,48,63,190,190,190,190,190,35,35,26,31.244453571499825,4.878215000644559,194.3117920000077,34.0
1609860148,67,GET,/files/view/100000000KB?id=87,4.333333,4.333333,26,36,42,48,56,65,190,190,190,190,190,35,35,26,32.544419771875255,3.5497950011631474,192.1141050006554,34.0
1609860148,67,GET,/files/view/100000000KB?id=88,4.333333,4.333333,27,33,40,42,51,52,57,57,57,57,57,35,35,27,27.37078254280537,4.6907520008971915,56.67567899945425,34.0
1609860148,67,GET,/files/view/100000000KB?id=89,4.333333,4.333333,28,32,40,46,48,59,64,64,64,64,64,35,35,28,27.780875142759346,3.5613410000223666,64.44433700016816,34.0
1609860148,67,GET,/files/view/100000000KB?id=9,7.666667,7.666667,24,33,36,37,40,48,180,200,200,200,200,63,63,24,28.11962007922014,1.5546400009043282,196.91690600120637,34.0
1609860148,67,GET,/files/view/100000000KB?id=90,4.333333,4.333333,26,33,37,44,50,58,210,210,210,210,210,34,34,26,31.625137500133647,5.254937999779941,213.36199899997155,34.0
1609860148,67,GET,/files/view/100000000KB?id=91,4.166667,4.166667,27,31,40,45,48,61,200,200,200,200,200,34,34,26,31.46381400026311,4.1562879996490665,202.97721400129376,34.0
1609860148,67,GET,/files/view/100000000KB?id=92,4.166667,4.166667,28,35,40,42,52,60,180,180,180,180,180,34,34,26,31.918413647016518,5.796561999886762,183.60151700107963,34.0
1609860148,67,GET,/files/view/100000000KB?id=93,4.166667,4.166667,27,36,41,47,48,61,65,65,65,65,65,34,34,27,28.401951058720655,4.88313000096241,64.59100999927614,34.0
1609860148,67,GET,/files/view/100000000KB?id=94,4.166667,4.166667,27,33,41,43,48,51,61,61,61,61,61,33,33,27,27.34902527250101,6.865717999971821,60.699821000525844,34.0
1609860148,67,GET,/files/view/100000000KB?id=95,4.166667,4.166667,27,31,43,45,51,61,210,210,210,210,210,33,33,27,32.99460648486274,5.060886000137543,208.5039310004504,34.0
1609860148,67,GET,/files/view/100000000KB?id=96,4.166667,4.166667,28,32,39,42,46,50,51,51,51,51,51,33,33,28,26.941474727319665,6.133435999799985,51.04393300098309,34.0
1609860148,67,GET,/files/view/100000000KB?id=97,4.000000,4.000000,27,32,37,45,51,61,66,66,66,66,66,33,33,27,28.353284212216472,5.10438899982546,66.30858099924808,34.0
1609860148,67,GET,/files/view/100000000KB?id=98,4.000000,4.000000,28,37,40,43,48,56,210,210,210,210,210,32,32,28,32.746306093827116,5.919146000451292,206.73532799992245,34.0
1609860148,67,GET,/files/view/100000000KB?id=99,4.000000,4.000000,29,34,39,45,52,54,62,62,62,62,62,32,32,27,28.10973065629696,5.610477999653085,62.44125100056408,34.0
1609860148,67,,Aggregated,586.833333,586.833333,26,35,40,43,50,57,71,190,220,250,250,4760,4760,26,29.526604708393965,1.5546400009043282,247.54307399962272,34.0
1609860149,76,GET,/files/view/100000000KB?id=0,8.285714,8.285714,52,70,77,83,120,120,150,250,250,250,250,76,76,51,57.71806071046931,4.052174001117237,247.54307399962272,34.0
1609860149,76,GET,/files/view/100000000KB?id=1,8.285714,8.285714,24,33,35,37,43,48,180,200,200,200,200,76,76,24,27.801262986821186,2.3377779998554615,195.56038200062176,34.0
1609860149,76,GET,/files/view/100000000KB?id=10,7.714286,7.714286,33,48,54,56,66,70,220,220,220,220,220,71,71,33,39.35560723946021,1.569210000525345,220.9072980003839,34.0
1609860149,76,GET,/files/view/100000000KB?id=11,7.714286,7.714286,26,34,37,39,49,50,59,78,78,78,78,70,70,26,26.188484957102837,1.8797270004142774,77.51998899948376,34.0
1609860149,76,GET,/files/view/100000000KB?id=12,7.428571,7.428571,34,48,54,59,70,190,210,210,210,210,210,70,70,33,43.478717300058634,1.6054850002547028,210.2881430000707,34.0
1609860149,76,GET,/files/view/100000000KB?id=13,7.428571,7.428571,25,36,40,44,49,53,54,55,55,55,55,69,69,25,26.594923753441105,1.5914809991954826,55.43971500082989,34.0
1609860149,76,GET,/files/view/100000000KB?id=14,7.428571,7.428571,31,43,49,51,70,75,85,200,200,200,200,69,69,31,36.60961392766246,1.5577650010527577,203.70999999977357,34.0
1609860149,76,GET,/files/view/100000000KB?id=15,7.285714,7.285714,27,37,41,43,47,51,64,220,220,220,220,68,68,26,29.554346367416763,2.0813089995499467,215.9727769994788,34.0
1609860149,76,GET,/files/view/100000000KB?id=16,7.285714,7.285714,35,44,53,54,69,73,190,210,210,210,210,68,68,35,38.98263529406583,1.6122630004247185,211.46749299987277,34.0
1609860149,76,GET,/files/view/100000000KB?id=17,7.285714,7.285714,25,37,41,43,47,52,64,180,180,180,180,67,67,25,29.09719234322886,2.9126139997970313,176.94788700100617,34.0
1609860149,76,GET,/files/view/100000000KB?id=18,7.142857,7.142857,30,44,52,53,64,72,210,220,220,220,220,67,67,30,38.56012555229766,2.3195170015242184,217.21867700034636,34.0
1609860149,76,GET,/files/view/100000000KB?id=19,7.142857,7.142857,27,36,39,43,49,51,59,62,62,62,62,66,66,26,27.257839545448157,2.520300000469433,62.138605000654934,34.0
1609860149,76,GET,/files/view/100000000KB?id=2,8.142857,8.142857,35,49,56,61,72,76,190,220,220,220,220,75,75,35,41.509298573364504,2.0684060000348836,224.52550500020152,34.0
1609860149,76,GET,/files/view/100000000KB?id=20,7.142857,7.142857,36,44,49,55,65,72,190,210,210,210,210,66,66,32,38.57990606053191,2.2851209996588295,214.01216999947792,34.0
1609860149,76,GET,/files/view/100000000KB?id=21,7.000000,7.000000,26,38,41,43,49,53,65,210,210,210,210,65,65,26,30.17943098457181,2.618964999783202,210.91130700006033,34.0
1609860149,76,GET,/files/view/100000000KB?id=22,7.000000,7.000000,32,41,46,55,64,69,87,210,210,210,210,65,65,32,36.04856004598192,2.763896000033128,205.08215699919674,34.0
1609860149,76,GET,/files/view/100000000KB?id=23,6.857143,6.857143,26,39,42,43,47,50,61,200,200,200,200,64,64,26,29.912470953064485,2.5144379997072974,200.44331399913062,34.0
1609860149,76,GET,/files/view/100000000KB?id=24,6.857143,6.857143,34,46,52,56,66,73,170,190,190,190,190,64,64,34,38.35181620314643,2.038000999164069,186.74921999991057,34.0
1609860149,76,GET,/files/view/100000000KB?id=25,6.857143,6.857143,28,38,43,44,51,53,63,63,63,63,63,64,64,26,28.523568875073124,1.6844250003487105,62.72485100089398,34.0
1609860149,76,GET,/files/view/100000000KB?id=26,6.714286,6.714286,31,40,47,50,60,64,82,220,220,220,220,63,63,31,34.87410880945159,1.9461709998722654,223.34607700031484,34.0
1609860149,76,GET,/files/view/100000000KB?id=27,6.714286,6.714286,26,38,44,48,52,53,58,73,73,73,73,63,63,26,29.18999980953693,1.8284600009792484,73.34136200006469,34.0
1609860149,76,GET,/files/view/100000000KB?id=28,6.571429,6.571429,32,44,49,52,63,69,75,200,200,200,200,62,62,31,35.365402838637706,1.8952600003103726,196.2033869986044,34.0
1609860149,76,GET,/files/view/100000000KB?id=29,6.571429,6.571429,31,40,44,47,54,60,68,200,200,200,200,62,62,27,32.0907947097728,1.7679979991953587,199.9318950001907,34.0
1609860149,76,GET,/files/view/100000000KB?id=3,8.142857,8.142857,26,31,35,38,44,46,52,190,190,190,190,75,75,26,26.081572213370237,1.8174300003011012,186.06265200105554,34.0
1609860149,76,GET,/files/view/100000000KB?id=30,6.571429,6.571429,32,40,44,56,64,65,88,210,210,210,210,62,62,32,35.43282843542505,1.834160000726115,206.5866279990587,34.0
1609860149,76,GET,/files/view/100000000KB?id=31,6.428571,6.428571,26,39,44,46,50,57,65,200,200,200,200,61,61,26,31.058220344183624,1.7923369996424299,198.11311100056628,34.0
1609860149,76,GET,/files/view/100000000KB?id=32,6.428571,6.428571,32,43,47,50,63,67,73,74,74,74,74,61,61,32,33.013327409744456,1.6933599999902071,74.3412369993166,34.0
1609860149,76,GET,/files/view/100000000KB?id=33,6.428571,6.428571,28,42,45,47,61,75,190,190,190,190,190,61,61,28,37.575629377003125,1.6972649991657818,191.2108160013304,34.0
1609860149,76,GET,/files/view/100000000KB?id=34,6.428571,6.428571,32,44,47,51,61,65,66,84,84,84,84,60,60,32,32.474695883259606,1.7672119993221713,83.54859100109024,34.0
1609860149,76,GET,/files/view/100000000KB?id=35,6.285714,6.285714,26,42,46,46,52,73,85,210,210,210,210,60,60,26,32.93764119992678,1.900408000437892,209.66400600082125,34.0
1609860149,76,GET,/files/view/100000000KB?id=36,6.285714,6.285714,31,41,47,49,63,70,73,200,200,200,200,59,59,31,34.838905254280505,1.8294969995622523,196.7105329986225,34.0
1609860149,76,GET,/files/view/100000000KB?id=37,6.285714,6.285714,31,39,43,47,52,60,60,200,200,200,200,58,58,27,32.003604534487565,1.7288510007347213,203.01121299962688,34.0
1609860149,76,GET,/files/view/100000000KB?id=38,6.142857,6.142857,29,42,51,55,63,66,75,200,200,200,200,58,58,29,35.04046953442192,2.0172760014247615,203.0388020011742,34.0
1609860149,76,GET,/files/view/100000000KB?id=39,6.142857,6.142857,29,38,42,46,52,58,61,66,66,66,66,57,57,29,29.878798596320465,3.1710209987068083,66.02502799978538,34.0
1609860149,76,GET,/files/view/100000000KB?id=4,8.000000,8.000000,33,44,53,55,65,74,90,210,210,210,210,74,74,33,37.51290748653913,1.7901020000863355,207.46003999920504,34.0
1609860149,76,GET,/files/view/100000000KB?id=40,6.142857,6.142857,31,42,47,49,57,65,67,77,77,77,77,57,57,31,31.82408231565971,3.2310360002156813,77.20612899902335,34.0
1609860149,76,GET,/files/view/100000000KB?id=41,6.000000,6.000000,28,38,46,47,60,80,200,200,200,200,200,57,57,28,35.337215666834055,3.0066680010349955,200.55977499941946,34.0
1609860149,76,GET,/files/view/100000000KB?id=42,6.000000,6.000000,33,45,52,52,67,80,180,210,210,210,210,56,56,33,38.273763696257184,3.6867869985144353,210.26494199941226,34.0
1609860149,76,GET,/files/view/100000000KB?id=43,6.000000,6.000000,27,36,44,48,55,58,61,67,67,67,67,56,56,27,29.800607821211347,3.4591939984238707,67.16638899888494,34.0
1609860149,76,GET,/files/view/100000000KB?id=44,6.000000,6.000000,30,40,50,52,61,66,68,190,190,190,190,55,55,30,34.46555043638827,4.163431000051787,189.61267600025167,34.0
1609860149,76,GET,/files/view/100000000KB?id=45,5.857143,5.857143,27,41,47,48,56,61,70,73,73,73,73,55,55,27,30.775442054503152,4.165604999798234,73.03321600011259,34.0
1609860149,76,GET,/files/view/100000000KB?id=46,5.857143,5.857143,32,40,49,51,57,68,69,86,86,86,86,55,55,32,32.11138436358438,3.1010429993330035,86.0555299987027,34.0
1609860149,76,GET,/files/view/100000000KB?id=47,5.857143,5.857143,27,41,46,48,58,63,71,210,210,210,210,54,54,26,33.32463262961904,2.7216609996685293,210.32738800022344,34.0
1609860149,76,GET,/files/view/100000000KB?id=48,5.714286,5.714286,33,39,49,52,59,63,71,210,210,210,210,54,54,33,34.8529378890345,2.7282150003884453,212.1421329993609,34.0
1609860149,76,GET,/files/view/100000000KB?id=49,5.714286,5.714286,28,39,47,50,58,73,190,200,200,200,200,54,54,26,35.76703192606214,2.718673998970189,199.43713299835508,34.0
1609860149,76,GET,/files/view/100000000KB?id=5,8.000000,8.000000,29,34,36,42,45,53,190,200,200,200,200,74,74,26,29.705276837793882,2.317804999620421,198.18615400072304,34.0
1609860149,76,GET,/files/view/100000000KB?id=50,5.714286,5.714286,32,40,49,50,55,60,68,69,69,69,69,52,52,31,31.363480903599758,3.174155001033796,68.79745300102513,34.0
1609860149,76,GET,/files/view/100000000KB?id=51,5.714286,5.714286,30,39,50,52,58,66,180,190,190,190,190,52,52,26,36.05761469228897,3.1409170005645137,191.7423750001035,34.0
1609860149,76,GET,/files/view/100000000KB?id=52,5.571429,5.571429,30,40,48,49,56,69,77,210,210,210,210,51,51,30,34.43949945119361,2.7701090002665296,206.74194999992324,34.0
1609860149,76,GET,/files/view/100000000KB?id=53,5.571429,5.571429,26,37,48,50,54,58,65,70,70,70,70,51,51,26,30.063686294192404,2.8101030002289917,69.87347999893245,34.0
1609860149,76,GET,/files/view/100000000KB?id=54,5.428571,5.428571,30,41,47,48,55,61,71,220,220,220,220,51,51,30,35.09849988233113,2.849403001164319,222.06670800005668,34.0
1609860149,76,GET,/files/view/100000000KB?id=55,5.428571,5.428571,28,38,42,49,56,60,83,83,83,83,83,50,50,27,29.744236600017757,2.769142000033753,82.52729700143391,34.0
1609860149,76,GET,/files/view/100000000KB?id=56,5.428571,5.428571,29,38,44,50,57,61,70,70,70,70,70,50,50,29,31.000365739928384,2.8773449994332623,70.13820900101564,34.0
1609860149,76,GET,/files/view/100000000KB?id=57,5.428571,5.428571,28,40,42,52,55,58,68,68,68,68,68,50,50,27,30.083775320053974,3.121794001344824,67.56800699986343,34.0
1609860149,76,GET,/files/view/100000000KB?id=58,5.285714,5.285714,32,42,50,52,61,71,220,220,220,220,220,49,49,32,38.68319132647118,3.119958999377559,218.4556979991612,34.0
1609860149,76,GET,/files/view/100000000KB?id=59,5.285714,5.285714,28,38,41,43,57,64,68,68,68,68,68,49,49,28,29.751456673508,3.362992998518166,67.73520000024291,34.0
1609860149,76,GET,/files/view/100000000KB?id=6,8.000000,8.000000,35,47,52,55,66,74,86,220,220,220,220,73,73,35,38.156358397279526,1.8178899990743957,216.82061399951635,34.0
1609860149,76,GET,/files/view/100000000KB?id=60,5.285714,5.285714,31,43,44,51,57,64,210,210,210,210,210,49,49,31,37.32935910200616,2.7286040003673406,207.803278000938,34.0
1609860149,76,GET,/files/view/100000000KB?id=61,5.285714,5.285714,29,38,45,46,57,66,74,74,74,74,74,48,48,27,30.572314125076144,2.6739990007627057,74.49046900001122,34.0
1609860149,76,GET,/files/view/100000000KB?id=62,5.142857,5.142857,30,44,50,53,61,63,210,210,210,210,210,48,48,27,35.28804902081598,2.9263129999890225,214.5819859997573,34.0
1609860149,76,GET,/files/view/100000000KB?id=63,5.142857,5.142857,26,39,43,45,54,62,71,71,71,71,71,47,47,26,29.720499276547653,2.7992279992758995,71.29974400049832,34.0
1609860149,76,GET,/files/view/100000000KB?id=64,5.142857,5.142857,30,42,46,47,58,65,210,210,210,210,210,47,47,30,34.396662936334444,2.788646999761113,213.02105799986748,34.0
1609860149,76,GET,/files/view/100000000KB?id=65,5.142857,5.142857,28,40,44,45,68,81,190,190,190,190,190,47,47,28,36.9572816596198,2.7051370016124565,194.12834700051462,34.0
1609860149,76,GET,/files/view/100000000KB?id=66,5.000000,5.000000,30,41,48,50,55,62,68,68,68,68,68,46,46,29,31.217149173916486,2.9683860011573415,67.63933500042185,34.0
1609860149,76,GET,/files/view/100000000KB?id=67,5.000000,5.000000,27,38,42,45,56,59,68,68,68,68,68,46,46,27,29.761728130522343,3.1010930015327176,68.239464000726,34.0
1609860149,76,GET,/files/view/100000000KB?id=68,5.000000,5.000000,30,39,44,47,56,77,190,190,190,190,190,46,46,27,34.2570931304932,3.0672180000692606,192.67681100063783,34.0
1609860149,76,GET,/files/view/100000000KB?id=69,5.000000,5.000000,31,39,47,55,59,65,190,190,190,190,190,45,45,31,37.167769111127,2.7970149985776516,194.32351400064363,34.0
1609860149,76,GET,/files/view/100000000KB?id=7,7.857143,7.857143,25,34,37,38,46,48,63,210,210,210,210,72,72,25,27.278176499951062,1.832121999541414,207.26823800032435,34.0
1609860149,76,GET,/files/view/100000000KB?id=70,4.857143,4.857143,32,40,49,52,57,63,210,210,210,210,210,45,45,32,35.302900866695886,3.4219520002807258,206.75539399962872,34.0
1609860149,76,GET,/files/view/100000000KB?id=71,4.857143,4.857143,28,38,48,50,55,57,81,81,81,81,81,45,45,28,30.97825075544986,4.0923639990069205,80.67440900049405,34.0
1609860149,76,GET,/files/view/100000000KB?id=72,4.857143,4.857143,29,41,46,49,52,58,77,77,77,77,77,44,44,28,30.478700477198633,3.617547999965609,77.23241399980907,34.0
1609860149,76,GET,/files/view/100000000KB?id=73,4.714286,4.714286,26,40,43,47,56,63,200,200,200,200,200,44,44,26,33.63986422718054,3.987867001342238,202.91466200069408,34.0
1609860149,76,GET,/files/view/100000000KB?id=74,4.714286,4.714286,29,43,51,53,54,60,90,90,90,90,90,44,44,26,32.18491959085606,5.3435359986906406,89.76779700060433,34.0
1609860149,76,GET,/files/view/100000000KB?id=75,4.714286,4.714286,29,41,45,48,56,64,200,200,200,200,200,44,44,28,34.10133547723407,4.05263799984823,200.82552400162967,34.0
1609860149,76,GET,/files/view/100000000KB?id=76,4.714286,4.714286,30,41,48,50,54,56,210,210,210,210,210,43,43,30,34.80307737211047,5.358602000342216,210.2510570002778,34.0
1609860149,76,GET,/files/view/100000000KB?id=77,4.571429,4.571429,28,39,43,45,61,68,200,200,200,200,200,43,43,28,34.0983788139775,3.5879779989045346,198.0991480013472,34.0
1609860149,76,GET,/files/view/100000000KB?id=78,4.571429,4.571429,32,40,49,52,62,67,190,190,190,190,190,43,43,32,35.36177788352456,5.704676999812364,190.02617600017402,34.0
1609860149,76,GET,/files/view/100000000KB?id=79,4.571429,4.571429,26,41,45,46,51,57,69,69,69,69,69,42,42,26,29.82823940488916,3.9228660007211147,69.4259649990272,34.0
1609860149,76,GET,/files/view/100000000KB?id=8,7.857143,7.857143,33,48,52,56,66,69,72,210,210,210,210,72,72,32,37.218764208470624,1.7368369990435895,209.00959899881855,34.0
1609860149,76,GET,/files/view/100000000KB?id=80,4.571429,4.571429,31,40,47,54,59,59,170,170,170,170,170,42,42,31,34.451335690521645,5.020550999688567,166.61286000089603,34.0
1609860149,76,GET,/files/view/100000000KB?id=81,4.571429,4.571429,33,41,47,48,55,61,200,200,200,200,200,42,42,31,35.04427697632872,3.85997800003679,198.01737300076638,34.0
1609860149,76,GET,/files/view/100000000KB?id=82,4.428571,4.428571,31,39,46,53,60,79,220,220,220,220,220,41,41,31,39.15398575625703,5.544469000597019,219.62946699932218,34.0
1609860149,76,GET,/files/view/100000000KB?id=83,4.428571,4.428571,28,42,44,47,52,58,63,63,63,63,63,41,41,28,30.351942341573103,4.127063999476377,62.622051998914685,34.0
1609860149,76,GET,/files/view/100000000KB?id=84,4.428571,4.428571,29,41,46,49,56,58,76,76,76,76,76,41,41,29,31.287351024330725,5.001862999051809,75.6849469998997,34.0
1609860149,76,GET,/files/view/100000000KB?id=85,4.428571,4.428571,27,43,47,48,53,58,60,60,60,60,60,40,40,27,30.391606725015663,3.429620999668259,59.720317000028444,34.0
1609860149,76,GET,/files/view/100000000KB?id=86,4.428571,4.428571,30,39,48,48,63,81,190,190,190,190,190,40,40,28,35.02857105008843,4.878215000644559,194.3117920000077,34.0
1609860149,76,GET,/files/view/100000000KB?id=87,4.285714,4.285714,29,42,49,51,62,65,190,190,190,190,190,40,40,29,35.51215272536865,3.5497950011631474,192.1141050006554,34.0
1609860149,76,GET,/files/view/100000000KB?id=88,4.285714,4.285714,32,40,46,51,58,72,200,200,200,200,200,40,40,32,34.94359512496885,4.6907520008971915,202.30890899983933,34.0
1609860149,76,GET,/files/view/100000000KB?id=89,4.285714,4.285714,29,39,46,48,58,64,64,64,64,64,64,39,39,29,30.531344051175836,3.5613410000223666,64.44433700016816,34.0
1609860149,76,GET,/files/view/100000000KB?id=9,7.857143,7.857143,25,35,38,40,48,57,180,200,200,200,200,71,71,25,30.696507366063624,1.5546400009043282,196.91690600120637,34.0
1609860149,76,GET,/files/view/100000000KB?id=90,4.142857,4.142857,29,37,48,50,62,77,210,210,210,210,210,39,39,29,35.42529133347927,5.254937999779941,213.36199899997155,34.0
1609860149,76,GET,/files/view/100000000KB?id=91,4.142857,4.142857,30,40,46,48,54,76,200,200,200,200,200,38,38,28,34.305325921291356,4.1562879996490665,202.97721400129376,34.0
1609860149,76,GET,/files/view/100000000KB?id=92,4.142857,4.142857,31,40,47,52,59,60,180,180,180,180,180,38,38,29,34.60760873684577,5.796561999886762,183.60151700107963,34.0
1609860149,76,GET,/files/view/100000000KB?id=93,4.142857,4.142857,29,41,47,48,58,61,65,65,65,65,65,38,38,28,31.276232999899594,4.88313000096241,64.59100999927614,34.0
1609860149,76,GET,/files/view/100000000KB?id=94,4.142857,4.142857,29,42,44,49,59,63,71,71,71,71,71,38,38,29,31.61445565772163,6.865717999971821,70.60952299980272,34.0
1609860149,76,GET,/files/view/100000000KB?id=95,4.000000,4.000000,29,43,47,51,61,67,210,210,210,210,210,37,37,29,35.948998756744864,5.060886000137543,208.5039310004504,34.0
1609860149,76,GET,/files/view/100000000KB?id=96,4.000000,4.000000,29,39,42,46,51,53,63,63,63,63,63,37,37,29,29.955233324398176,6.133435999799985,62.658429000293836,34.0
1609860149,76,GET,/files/view/100000000KB?id=97,4.000000,4.000000,30,37,48,51,57,64,66,66,66,66,66,37,37,30,31.55207583787725,5.10438899982546,66.30858099924808,34.0
1609860149,76,GET,/files/view/100000000KB?id=98,4.000000,4.000000,33,40,45,50,58,73,210,210,210,210,210,37,37,33,36.23719405407649,5.919146000451292,206.73532799992245,34.0
1609860149,76,GET,/files/view/100000000KB?id=99,4.000000,4.000000,32,37,48,52,58,62,76,76,76,76,76,36,36,31,31.837116361152262,5.610477999653085,76.01646799957962,34.0
1609860149,76,,Aggregated,583.142857,583.142857,30,40,46,49,58,66,85,200,220,250,250,5403,5403,30,33.66800374180144,1.5546400009043282,247.54307399962272,34.0
1609860150,85,GET,/files/view/100000000KB?id=0,8.375000,8.375000,57,76,93,100,140,140,250,260,260,260,260,85,85,57,67.19741555288613,4.052174001117237,260.4926700005308,34.0
1609860150,85,GET,/files/view/100000000KB?id=1,8.250000,8.250000,27,35,40,42,47,83,180,200,200,200,200,84,84,25,31.042057178594753,2.3377779998554615,195.56038200062176,34.0
1609860150,85,GET,/files/view/100000000KB?id=10,7.875000,7.875000,35,51,56,59,67,73,220,220,220,220,220,80,80,35,41.89982715004135,1.569210000525345,220.9072980003839,34.0
1609860150,85,GET,/files/view/100000000KB?id=11,7.750000,7.750000,30,37,44,47,59,71,72,78,78,78,78,79,79,30,30.250442012586547,1.8797270004142774,77.51998899948376,34.0
1609860150,85,GET,/files/view/100000000KB?id=12,7.750000,7.750000,39,51,58,59,71,190,210,210,210,210,210,78,78,36,45.73043384621437,1.6054850002547028,210.2881430000707,34.0
1609860150,85,GET,/files/view/100000000KB?id=13,7.625000,7.625000,30,40,45,48,54,67,73,73,73,73,73,78,78,29,30.613586320354305,1.5914809991954826,72.83349399949657,34.0
1609860150,85,GET,/files/view/100000000KB?id=14,7.625000,7.625000,34,48,53,57,71,77,110,200,200,200,200,77,77,34,39.837724506599315,1.5577650010527577,203.70999999977357,34.0
1609860150,85,GET,/files/view/100000000KB?id=15,7.625000,7.625000,31,40,46,47,52,72,73,220,220,220,220,76,76,31,32.71315594716534,2.0813089995499467,215.9727769994788,34.0
1609860150,85,GET,/files/view/100000000KB?id=16,7.500000,7.500000,40,49,55,60,71,76,190,210,210,210,210,76,76,36,42.09854402626278,1.6122630004247185,211.46749299987277,34.0
1609860150,85,GET,/files/view/100000000KB?id=17,7.500000,7.500000,29,40,44,47,54,64,66,180,180,180,180,75,75,29,32.01903027991648,2.9126139997970313,176.94788700100617,34.0
1609860150,85,GET,/files/view/100000000KB?id=18,7.375000,7.375000,36,52,58,63,72,77,210,220,220,220,220,75,75,36,42.149619853419914,2.3195170015242184,217.21867700034636,34.0
1609860150,85,GET,/files/view/100000000KB?id=19,7.250000,7.250000,31,39,46,49,52,59,64,64,64,64,64,75,75,31,30.574978280031548,2.520300000469433,64.43643500097096,34.0
1609860150,85,GET,/files/view/100000000KB?id=2,8.250000,8.250000,43,53,62,67,76,88,190,220,220,220,220,84,84,42,45.293998595298035,2.0684060000348836,224.52550500020152,34.0
1609860150,85,GET,/files/view/100000000KB?id=20,7.250000,7.250000,38,48,58,64,71,83,190,210,210,210,210,74,74,38,42.28019013508684,2.2851209996588295,214.01216999947792,34.0
1609860150,85,GET,/files/view/100000000KB?id=21,7.250000,7.250000,31,41,46,49,55,60,65,210,210,210,210,74,74,30,33.21241132429399,2.618964999783202,210.91130700006033,34.0
1609860150,85,GET,/files/view/100000000KB?id=22,7.125000,7.125000,36,46,57,63,69,77,110,210,210,210,210,72,72,33,39.72480833322657,2.763896000033128,205.08215699919674,34.0
1609860150,85,GET,/files/view/100000000KB?id=23,7.125000,7.125000,30,42,45,47,53,61,72,200,200,200,200,72,72,28,32.766154486100476,2.5144379997072974,200.44331399913062,34.0
1609860150,85,GET,/files/view/100000000KB?id=24,7.000000,7.000000,38,52,60,62,69,74,170,190,190,190,190,72,72,38,42.13431405550081,2.038000999164069,186.74921999991057,34.0
1609860150,85,GET,/files/view/100000000KB?id=25,7.000000,7.000000,31,41,46,48,53,61,63,94,94,94,94,71,71,31,31.5909320422986,1.6844250003487105,94.22959399853426,34.0
1609860150,85,GET,/files/view/100000000KB?id=26,7.000000,7.000000,34,46,54,59,68,82,220,230,230,230,230,71,71,34,41.031865675981415,1.9461709998722654,225.1709709998977,34.0
1609860150,85,GET,/files/view/100000000KB?id=27,6.875000,6.875000,32,43,49,50,55,60,69,73,73,73,73,70,70,31,31.973763971447106,1.8284600009792484,73.34136200006469,34.0
1609860150,85,GET,/files/view/100000000KB?id=28,6.875000,6.875000,37,48,57,62,69,75,200,220,220,220,220,70,70,36,40.96205209997216,1.8952600003103726,220.97630700045556,34.0
1609860150,85,GET,/files/view/100000000KB?id=29,6.875000,6.875000,32,44,50,51,60,68,88,200,200,200,200,69,69,32,35.152682362383096,1.7679979991953587,199.9318950001907,34.0
1609860150,85,GET,/files/view/100000000KB?id=3,8.125000,8.125000,29,34,41,42,48,71,93,190,190,190,190,83,83,29,30.002945132534467,1.8174300003011012,186.06265200105554,34.0
1609860150,85,GET,/files/view/100000000KB?id=30,6.750000,6.750000,35,43,57,62,65,73,88,210,210,210,210,69,69,35,38.416699028923595,1.834160000726115,206.5866279990587,34.0
1609860150,85,GET,/files/view/100000000KB?id=31,6.750000,6.750000,31,42,47,50,58,71,94,200,200,200,200,68,68,30,34.43969864699337,1.7923369996424299,198.11311100056628,34.0
1609860150,85,GET,/files/view/100000000KB?id=32,6.500000,6.500000,37,46,55,63,68,70,74,75,75,75,75,68,68,34,36.39498532340761,1.6933599999902071,74.91871599995648,34.0
1609860150,85,GET,/files/view/100000000KB?id=33,6.500000,6.500000,32,45,48,54,63,75,190,190,190,190,190,67,67,32,39.328255611901874,1.6972649991657818,191.2108160013304,34.0
1609860150,85,GET,/files/view/100000000KB?id=34,6.500000,6.500000,33,46,51,59,66,71,85,100,100,100,100,67,67,33,36.64166270138947,1.7672119993221713,99.73367699967639,34.0
1609860150,85,GET,/files/view/100000000KB?id=35,6.375000,6.375000,31,45,47,49,56,69,85,210,210,210,210,66,66,30,35.209283681758805,1.900408000437892,209.66400600082125,34.0
1609860150,85,GET,/files/view/100000000KB?id=36,6.375000,6.375000,31,46,50,60,67,72,200,230,230,230,230,65,65,31,40.174325246166866,1.8294969995622523,225.16906800046854,34.0
1609860150,85,GET,/files/view/100000000KB?id=37,6.375000,6.375000,32,43,50,51,59,64,83,200,200,200,200,65,65,32,35.418418692307355,1.7288510007347213,203.01121299962688,34.0
1609860150,85,GET,/files/view/100000000KB?id=38,6.250000,6.250000,33,50,57,62,66,68,76,200,200,200,200,65,65,33,38.220661861487315,2.0172760014247615,203.0388020011742,34.0
1609860150,85,GET,/files/view/100000000KB?id=39,6.250000,6.250000,34,42,49,52,58,66,91,210,210,210,210,64,64,34,35.81784156241952,3.1710209987068083,212.60873100072786,34.0
1609860150,85,GET,/files/view/100000000KB?id=4,8.125000,8.125000,35,50,54,55,71,79,90,210,210,210,210,83,83,35,40.376157638640876,1.7901020000863355,207.46003999920504,34.0
1609860150,85,GET,/files/view/100000000KB?id=40,6.250000,6.250000,35,47,51,57,67,68,77,88,88,88,88,64,64,34,35.99242173424955,3.2310360002156813,88.24224999989383,34.0
1609860150,85,GET,/files/view/100000000KB?id=41,6.125000,6.125000,35,46,49,52,60,71,200,200,200,200,200,64,64,33,37.668271937633335,3.0066680010349955,200.55977499941946,34.0
1609860150,85,GET,/files/view/100000000KB?id=42,6.125000,6.125000,34,51,55,60,73,81,180,210,210,210,210,63,63,34,42.08915312685551,3.6867869985144353,210.26494199941226,34.0
1609860150,85,GET,/files/view/100000000KB?id=43,6.000000,6.000000,33,44,52,53,57,58,62,67,67,67,67,63,63,33,32.73149930141194,3.4591939984238707,67.16638899888494,34.0
1609860150,85,GET,/files/view/100000000KB?id=44,6.000000,6.000000,38,47,55,61,66,68,190,220,220,220,220,62,62,35,40.4020619838951,4.163431000051787,223.3246070009045,34.0
1609860150,85,GET,/files/view/100000000KB?id=45,6.000000,6.000000,34,46,51,53,60,67,73,87,87,87,87,62,62,33,34.35479133866231,4.165604999798234,86.64873899942904,34.0
1609860150,85,GET,/files/view/100000000KB?id=46,5.875000,5.875000,34,49,52,57,63,69,72,86,86,86,86,62,62,34,35.82414758062852,3.1010429993330035,86.0555299987027,34.0
1609860150,85,GET,/files/view/100000000KB?id=47,5.875000,5.875000,33,46,50,52,60,71,210,210,210,210,210,61,61,33,38.969631393422894,2.7216609996685293,210.32738800022344,34.0
1609860150,85,GET,/files/view/100000000KB?id=48,5.750000,5.750000,36,49,56,59,64,71,72,210,210,210,210,61,61,36,38.53545055745435,2.7282150003884453,212.1421329993609,34.0
1609860150,85,GET,/files/view/100000000KB?id=49,5.750000,5.750000,34,47,51,52,58,63,190,200,200,200,200,61,61,34,37.98431037720264,2.718673998970189,199.43713299835508,34.0
1609860150,85,GET,/files/view/100000000KB?id=5,8.000000,8.000000,30,36,43,44,55,73,190,200,200,200,200,82,82,29,33.727479878019416,2.317804999620421,198.18615400072304,34.0
1609860150,85,GET,/files/view/100000000KB?id=50,5.750000,5.750000,36,49,54,59,69,77,89,100,100,100,100,60,60,34,37.09481904979839,3.174155001033796,103.38633600076719,34.0
1609860150,85,GET,/files/view/100000000KB?id=51,5.625000,5.625000,35,47,53,56,60,66,180,190,190,190,190,60,60,34,38.714746266638635,3.1409170005645137,191.7423750001035,34.0
1609860150,85,GET,/files/view/100000000KB?id=52,5.625000,5.625000,35,48,55,60,69,77,210,220,220,220,220,59,59,35,41.28673230532174,2.7701090002665296,222.16047800066008,34.0
1609860150,85,GET,/files/view/100000000KB?id=53,5.625000,5.625000,35,48,53,54,61,70,78,92,92,92,92,58,58,34,34.344852586275074,2.8101030002289917,91.50696699907712,34.0
1609860150,85,GET,/files/view/100000000KB?id=54,5.625000,5.625000,39,47,52,57,64,71,81,220,220,220,220,58,58,37,38.848497655165154,2.849403001164319,222.06670800005668,34.0
1609860150,85,GET,/files/view/100000000KB?id=55,5.500000,5.500000,32,42,51,53,60,83,93,230,230,230,230,57,57,32,36.47080894737436,2.769142000033753,227.1051150000858,34.0
1609860150,85,GET,/files/view/100000000KB?id=56,5.500000,5.500000,32,44,52,56,67,70,71,72,72,72,72,57,57,32,35.043171526284134,2.8773449994332623,71.91832700118539,34.0
1609860150,85,GET,/files/view/100000000KB?id=57,5.500000,5.500000,37,42,52,54,58,61,65,68,68,68,68,57,57,37,33.4176165438852,3.121794001344824,67.56800699986343,34.0
1609860150,85,GET,/files/view/100000000KB?id=58,5.375000,5.375000,37,50,60,60,71,200,220,220,220,220,220,56,56,35,45.28205864279958,3.119958999377559,219.6783110011893,34.0
1609860150,85,GET,/files/view/100000000KB?id=59,5.375000,5.375000,35,41,52,54,63,66,68,71,71,71,71,56,56,32,33.39379285713611,3.362992998518166,71.0522259996651,34.0
1609860150,85,GET,/files/view/100000000KB?id=6,8.000000,8.000000,38,49,53,57,71,76,88,220,220,220,220,81,81,38,40.49001982715664,1.8178899990743957,216.82061399951635,34.0
1609860150,85,GET,/files/view/100000000KB?id=60,5.375000,5.375000,35,44,54,55,63,73,180,210,210,210,210,55,55,35,40.05118869092919,2.7286040003673406,207.803278000938,34.0
1609860150,85,GET,/files/view/100000000KB?id=61,5.250000,5.250000,31,45,52,55,66,70,74,96,96,96,96,55,55,31,35.11112561827758,2.6739990007627057,95.57721200144442,34.0
1609860150,85,GET,/files/view/100000000KB?id=62,5.250000,5.250000,37,50,55,58,64,68,73,210,210,210,210,55,55,37,38.81818745453943,2.9263129999890225,214.5819859997573,34.0
1609860150,85,GET,/files/view/100000000KB?id=63,5.250000,5.250000,31,43,48,54,62,68,71,220,220,220,220,54,54,29,36.38915314810152,2.7992279992758995,216.30057699985628,34.0
1609860150,85,GET,/files/view/100000000KB?id=64,5.125000,5.125000,38,46,55,58,65,76,100,210,210,210,210,54,54,34,38.81806079637803,2.788646999761113,213.02105799986748,34.0
1609860150,85,GET,/files/view/100000000KB?id=65,5.125000,5.125000,32,44,48,57,68,81,190,190,190,190,190,54,54,31,39.78069440742089,2.7051370016124565,194.12834700051462,34.0
1609860150,85,GET,/files/view/100000000KB?id=66,5.125000,5.125000,33,48,53,55,64,68,82,97,97,97,97,52,52,31,35.75918053838205,2.9683860011573415,97.4587619984959,34.0
1609860150,85,GET,/files/view/100000000KB?id=67,5.125000,5.125000,32,42,48,52,59,65,68,71,71,71,71,52,52,32,33.2688740001266,3.1010930015327176,70.85603800078388,34.0
1609860150,85,GET,/files/view/100000000KB?id=68,5.000000,5.000000,33,44,49,51,64,77,81,190,190,190,190,51,51,33,36.9115422941903,3.0672180000692606,192.67681100063783,34.0
1609860150,85,GET,/files/view/100000000KB?id=69,5.000000,5.000000,35,47,56,58,65,85,170,190,190,190,190,51,51,35,41.02872647062588,2.7970149985776516,194.32351400064363,34.0
1609860150,85,GET,/files/view/100000000KB?id=7,8.000000,8.000000,28,37,42,46,63,74,100,210,210,210,210,81,81,28,31.95669780242171,1.832121999541414,207.26823800032435,34.0
1609860150,85,GET,/files/view/100000000KB?id=70,5.000000,5.000000,34,49,52,54,60,70,73,210,210,210,210,51,51,34,38.26691158821061,3.4219520002807258,206.75539399962872,34.0
1609860150,85,GET,/files/view/100000000KB?id=71,4.875000,4.875000,31,48,52,54,59,63,81,81,81,81,81,50,50,31,33.86832663993118,4.0923639990069205,80.67440900049405,34.0
1609860150,85,GET,/files/view/100000000KB?id=72,4.875000,4.875000,32,46,50,53,66,77,220,220,220,220,220,50,50,32,37.94931643988093,3.617547999965609,215.07586000006995,34.0
1609860150,85,GET,/files/view/100000000KB?id=73,4.875000,4.875000,32,43,52,55,63,68,200,200,200,200,200,50,50,31,36.961162599873205,3.987867001342238,202.91466200069408,34.0
1609860150,85,GET,/files/view/100000000KB?id=74,4.750000,4.750000,33,50,53,54,65,67,90,90,90,90,90,49,49,33,35.167899918280675,5.3435359986906406,89.76779700060433,34.0
1609860150,85,GET,/files/view/100000000KB?id=75,4.750000,4.750000,30,45,48,55,64,66,200,200,200,200,200,49,49,30,37.44061661222522,4.05263799984823,200.82552400162967,34.0
1609860150,85,GET,/files/view/100000000KB?id=76,4.750000,4.750000,37,48,52,54,65,67,210,210,210,210,210,49,49,37,38.40068093880718,5.358602000342216,210.2510570002778,34.0
1609860150,85,GET,/files/view/100000000KB?id=77,4.750000,4.750000,34,42,51,57,67,71,200,200,200,200,200,48,48,34,37.011542395854725,3.5879779989045346,198.0991480013472,34.0
1609860150,85,GET,/files/view/100000000KB?id=78,4.625000,4.625000,33,49,55,56,65,67,190,190,190,190,190,48,48,33,37.988839458156086,5.704676999812364,190.02617600017402,34.0
1609860150,85,GET,/files/view/100000000KB?id=79,4.625000,4.625000,30,45,47,51,61,69,93,93,93,93,93,47,47,30,34.40960248944782,3.9228660007211147,93.21418699983042,34.0
1609860150,85,GET,/files/view/100000000KB?id=8,8.000000,8.000000,36,49,56,58,67,73,79,210,210,210,210,80,80,35,39.601815800142504,1.7368369990435895,209.00959899881855,34.0
1609860150,85,GET,/files/view/100000000KB?id=80,4.625000,4.625000,35,47,54,56,59,66,170,170,170,170,170,47,47,35,37.03647480854651,5.020550999688567,166.61286000089603,34.0
1609860150,85,GET,/files/view/100000000KB?id=81,4.625000,4.625000,34,47,50,55,67,73,200,200,200,200,200,47,47,34,38.23322438310765,3.85997800003679,198.01737300076638,34.0
1609860150,85,GET,/files/view/100000000KB?id=82,4.500000,4.500000,34,46,56,57,79,80,220,220,220,220,220,46,46,33,42.05048584797465,5.544469000597019,219.62946699932218,34.0
1609860150,85,GET,/files/view/100000000KB?id=83,4.500000,4.500000,31,44,51,52,59,66,79,79,79,79,79,46,46,28,34.19961873920408,4.127063999476377,78.91829599975608,34.0
1609860150,85,GET,/files/view/100000000KB?id=84,4.500000,4.500000,35,46,49,54,58,63,76,76,76,76,76,46,46,32,34.05436117380937,5.001862999051809,75.6849469998997,34.0
1609860150,85,GET,/files/view/100000000KB?id=85,4.375000,4.375000,30,47,51,53,65,70,220,220,220,220,220,45,45,30,38.32479526669582,3.429620999668259,218.32124600041425,34.0
1609860150,85,GET,/files/view/100000000KB?id=86,4.375000,4.375000,33,44,48,55,63,69,190,190,190,190,190,45,45,33,37.52701400003894,4.878215000644559,194.3117920000077,34.0
1609860150,85,GET,/files/view/100000000KB?id=87,4.375000,4.375000,31,49,56,58,64,70,190,190,190,190,190,45,45,31,38.728728555967486,3.5497950011631474,192.1141050006554,34.0
1609860150,85,GET,/files/view/100000000KB?id=88,4.375000,4.375000,32,45,51,52,61,72,200,200,200,200,200,44,44,32,37.8932697499708,4.6907520008971915,202.30890899983933,34.0
1609860150,85,GET,/files/view/100000000KB?id=89,4.250000,4.250000,31,46,51,56,61,64,75,75,75,75,75,44,44,30,34.39159072712011,3.5613410000223666,74.68948499990802,34.0
1609860150,85,GET,/files/view/100000000KB?id=9,7.875000,7.875000,33,37,45,48,68,81,180,200,200,200,200,80,80,32,35.088791337420844,1.5546400009043282,196.91690600120637,34.0
1609860150,85,GET,/files/view/100000000KB?id=90,4.250000,4.250000,33,48,53,58,65,67,210,210,210,210,210,44,44,31,38.337642772851474,5.254937999779941,213.36199899997155,34.0
1609860150,85,GET,/files/view/100000000KB?id=91,4.250000,4.250000,31,46,53,57,61,76,210,210,210,210,210,44,44,31,41.4706501820464,4.1562879996490665,211.20429000075092,34.0
1609860150,85,GET,/files/view/100000000KB?id=92,4.250000,4.250000,34,47,54,56,60,64,180,180,180,180,180,43,43,34,38.25572534883259,5.796561999886762,183.60151700107963,34.0
1609860150,85,GET,/files/view/100000000KB?id=93,4.125000,4.125000,33,47,50,52,61,65,75,75,75,75,75,43,43,33,34.80653904638487,4.88313000096241,74.65598599992518,34.0
1609860150,85,GET,/files/view/100000000KB?id=94,4.125000,4.125000,33,44,51,55,63,67,100,100,100,100,100,43,43,33,35.93586655797269,6.865717999971821,104.65759600083402,34.0
1609860150,85,GET,/files/view/100000000KB?id=95,4.125000,4.125000,31,47,54,58,61,67,210,210,210,210,210,42,42,30,42.26097914280607,5.060886000137543,213.8185110015911,34.0
1609860150,85,GET,/files/view/100000000KB?id=96,4.125000,4.125000,32,42,50,51,60,63,71,71,71,71,71,42,42,32,33.89604704772778,6.133435999799985,70.57930599876272,34.0
1609860150,85,GET,/files/view/100000000KB?id=97,4.000000,4.000000,32,48,53,54,61,64,66,66,66,66,66,42,42,31,34.72908433338619,5.10438899982546,66.30858099924808,34.0
1609860150,85,GET,/files/view/100000000KB?id=98,4.000000,4.000000,35,45,51,56,63,73,210,210,210,210,210,41,41,35,39.697751707335996,5.919146000451292,206.73532799992245,34.0
1609860150,85,GET,/files/view/100000000KB?id=99,4.000000,4.000000,33,48,52,55,60,65,220,220,220,220,220,41,41,33,39.00707139029869,5.610477999653085,217.47876200061,34.0
1609860150,85,,Aggregated,592.375000,592.375000,33,45,51,55,65,73,110,200,220,260,260,6076,6076,33,37.532060413422755,1.5546400009043282,260.4926700005308,34.0
1609860151,94,GET,/files/view/100000000KB?id=0,8.444444,8.444444,64,83,120,120,150,200,260,270,270,270,270,92,92,62,77.11291751077269,4.052174001117237,272.7445299988176,34.0
1609860151,94,GET,/files/view/100000000KB?id=1,8.333333,8.333333,28,37,43,46,54,90,180,200,200,200,200,91,91,28,33.48215354948239,2.3377779998554615,195.56038200062176,34.0
1609860151,94,GET,/files/view/100000000KB?id=10,7.777778,7.777778,41,55,59,63,70,82,220,230,230,230,230,87,87,41,45.814664367847804,1.569210000525345,231.28219099999114,34.0
1609860151,94,GET,/files/view/100000000KB?id=11,7.777778,7.777778,33,39,48,50,71,77,84,87,87,87,87,86,86,32,33.8077204767107,1.8797270004142774,86.63790800164861,34.0
1609860151,94,GET,/files/view/100000000KB?id=12,7.666667,7.666667,45,54,59,65,77,190,210,230,230,230,230,86,86,45,49.64886438373532,1.6054850002547028,231.2769299987849,34.0
1609860151,94,GET,/files/view/100000000KB?id=13,7.666667,7.666667,35,44,49,53,67,73,87,90,90,90,90,85,85,35,34.21661061160301,1.5914809991954826,90.00212799946894,34.0
1609860151,94,GET,/files/view/100000000KB?id=14,7.555556,7.555556,40,51,58,66,72,77,110,200,200,200,200,84,84,38,42.0924591786778,1.5577650010527577,203.70999999977357,34.0
1609860151,94,GET,/files/view/100000000KB?id=15,7.555556,7.555556,37,44,49,51,72,75,91,220,220,220,220,84,84,35,36.7074141069376,2.0813089995499467,215.9727769994788,34.0
1609860151,94,GET,/files/view/100000000KB?id=16,7.444444,7.444444,43,54,58,64,72,77,190,210,210,210,210,83,83,43,44.257027445744455,1.6122630004247185,211.46749299987277,34.0
1609860151,94,GET,/files/view/100000000KB?id=17,7.444444,7.444444,35,44,49,53,65,78,91,180,180,180,180,83,83,35,36.133306590272696,2.9126139997970313,176.94788700100617,34.0
1609860151,94,GET,/files/view/100000000KB?id=18,7.333333,7.333333,42,54,60,66,72,77,220,230,230,230,230,83,83,42,46.14564825307577,2.3195170015242184,225.48896599982982,34.0
1609860151,94,GET,/files/view/100000000KB?id=19,7.333333,7.333333,34,45,50,51,64,73,83,85,85,85,85,82,82,33,34.433039646323664,2.520300000469433,85.32287799971527,34.0
1609860151,94,GET,/files/view/100000000KB?id=2,8.333333,8.333333,46,57,67,72,83,92,190,220,220,220,220,91,91,46,48.063583725317066,2.0684060000348836,224.52550500020152,34.0
1609860151,94,GET,/files/view/100000000KB?id=20,7.222222,7.222222,41,55,61,65,71,83,190,210,210,210,210,81,81,41,44.58154406165704,2.2851209996588295,214.01216999947792,34.0
1609860151,94,GET,/files/view/100000000KB?id=21,7.222222,7.222222,37,44,49,53,63,76,83,210,210,210,210,81,81,37,36.64467144445541,2.618964999783202,210.91130700006033,34.0
1609860151,94,GET,/files/view/100000000KB?id=22,7.111111,7.111111,40,54,64,69,75,87,110,210,210,210,210,80,80,38,43.153104874886594,2.763896000033128,205.08215699919674,34.0
1609860151,94,GET,/files/view/100000000KB?id=23,7.111111,7.111111,38,43,48,53,64,77,84,200,200,200,200,80,80,37,36.3901008375251,2.5144379997072974,200.44331399913062,34.0
1609860151,94,GET,/files/view/100000000KB?id=24,7.111111,7.111111,44,57,65,67,71,110,190,230,230,230,230,80,80,42,46.60420409991275,2.038000999164069,226.71556099885493,34.0
1609860151,94,GET,/files/view/100000000KB?id=25,7.111111,7.111111,36,45,51,53,63,79,89,94,94,94,94,79,79,36,35.778773721591,1.6844250003487105,94.22959399853426,34.0
1609860151,94,GET,/files/view/100000000KB?id=26,7.000000,7.000000,38,50,60,62,74,82,220,230,230,230,230,78,78,37,43.57685176917305,1.9461709998722654,225.1709709998977,34.0
1609860151,94,GET,/files/view/100000000KB?id=27,7.000000,7.000000,36,48,52,53,69,76,80,82,82,82,82,78,78,36,36.00332264100778,1.8284600009792484,82.25656800095749,34.0
1609860151,94,GET,/files/view/100000000KB?id=28,6.888889,6.888889,39,52,62,64,75,77,200,220,220,220,220,77,77,39,43.86123163635898,1.8952600003103726,220.97630700045556,34.0
1609860151,94,GET,/files/view/100000000KB?id=29,6.888889,6.888889,35,50,53,54,63,76,88,200,200,200,200,76,76,34,37.67469509217622,1.7679979991953587,199.9318950001907,34.0
1609860151,94,GET,/files/view/100000000KB?id=3,8.222222,8.222222,30,37,43,46,62,78,120,190,190,190,190,90,90,29,32.92958357776823,1.8174300003011012,186.06265200105554,34.0
1609860151,94,GET,/files/view/100000000KB?id=30,6.777778,6.777778,38,56,62,64,73,87,93,210,210,210,210,76,76,37,42.092023171024174,1.834160000726115,206.5866279990587,34.0
1609860151,94,GET,/files/view/100000000KB?id=31,6.777778,6.777778,31,46,51,56,62,71,94,200,200,200,200,75,75,31,37.08438681324575,1.7923369996424299,198.11311100056628,34.0
1609860151,94,GET,/files/view/100000000KB?id=32,6.777778,6.777778,39,51,63,67,74,80,88,92,92,92,92,75,75,39,40.3681808932015,1.6933599999902071,91.7720620000182,34.0
1609860151,94,GET,/files/view/100000000KB?id=33,6.666667,6.666667,41,47,55,60,68,180,190,210,210,210,210,75,75,41,43.862813413337186,1.6972649991657818,206.06115700138616,34.0
1609860151,94,GET,/files/view/100000000KB?id=34,6.666667,6.666667,41,51,61,65,73,84,86,100,100,100,100,74,74,38,40.37457617554586,1.7672119993221713,99.73367699967639,34.0
1609860151,94,GET,/files/view/100000000KB?id=35,6.666667,6.666667,39,46,51,56,68,73,210,210,210,210,210,74,74,36,40.41432337834448,1.900408000437892,211.46674400006304,34.0
1609860151,94,GET,/files/view/100000000KB?id=36,6.444444,6.444444,38,49,63,65,74,79,200,230,230,230,230,72,72,37,43.69056016667451,1.8294969995622523,225.16906800046854,34.0
1609860151,94,GET,/files/view/100000000KB?id=37,6.444444,6.444444,38,47,53,56,64,72,83,200,200,200,200,72,72,37,38.26661551387487,1.7288510007347213,203.01121299962688,34.0
1609860151,94,GET,/files/view/100000000KB?id=38,6.444444,6.444444,36,55,62,64,72,81,200,220,220,220,220,72,72,36,43.74886241655278,2.0172760014247615,224.3139539987169,34.0
1609860151,94,GET,/files/view/100000000KB?id=39,6.333333,6.333333,37,47,54,57,66,75,91,210,210,210,210,71,71,37,39.043532140772506,3.1710209987068083,212.60873100072786,34.0
1609860151,94,GET,/files/view/100000000KB?id=4,8.222222,8.222222,40,53,55,65,79,86,93,210,210,210,210,90,90,36,43.176501522308776,1.7901020000863355,207.46003999920504,34.0
1609860151,94,GET,/files/view/100000000KB?id=40,6.333333,6.333333,39,50,62,64,69,78,88,230,230,230,230,71,71,39,41.68395071818094,3.2310360002156813,229.42972399869177,34.0
1609860151,94,GET,/files/view/100000000KB?id=41,6.222222,6.222222,36,47,55,56,65,82,200,200,200,200,200,70,70,35,40.47396782869847,3.0066680010349955,200.55977499941946,34.0
1609860151,94,GET,/files/view/100000000KB?id=42,6.222222,6.222222,41,55,65,68,80,100,210,220,220,220,220,70,70,39,47.30596065705218,3.6867869985144353,223.06698400097957,34.0
1609860151,94,GET,/files/view/100000000KB?id=43,6.222222,6.222222,34,49,54,57,62,69,71,77,77,77,77,69,69,34,35.80822482594606,3.4591939984238707,77.36955700056569,34.0
1609860151,94,GET,/files/view/100000000KB?id=44,6.111111,6.111111,39,53,61,65,70,86,220,220,220,220,220,69,69,39,45.97372299998613,4.163431000051787,223.3246070009045,34.0
1609860151,94,GET,/files/view/100000000KB?id=45,6.111111,6.111111,36,48,55,59,66,73,77,87,87,87,87,68,68,35,37.18792582348589,4.165604999798234,86.64873899942904,34.0
1609860151,94,GET,/files/view/100000000KB?id=46,6.111111,6.111111,38,51,60,62,70,73,86,230,230,230,230,68,68,36,41.27124254409864,3.1010429993330035,228.1224630005454,34.0
1609860151,94,GET,/files/view/100000000KB?id=47,6.000000,6.000000,39,50,53,58,70,82,210,210,210,210,210,67,67,39,41.834549641780946,2.7216609996685293,210.32738800022344,34.0
1609860151,94,GET,/files/view/100000000KB?id=48,6.000000,6.000000,38,53,60,63,71,76,210,220,220,220,220,67,67,38,43.62411529856122,2.7282150003884453,221.88801599986618,34.0
1609860151,94,GET,/files/view/100000000KB?id=49,5.777778,5.777778,36,50,52,57,64,78,190,200,200,200,200,66,66,35,40.348302591045275,2.718673998970189,199.43713299835508,34.0
1609860151,94,GET,/files/view/100000000KB?id=5,8.111111,8.111111,31,42,44,49,71,90,190,200,200,200,200,89,89,31,36.951372269653845,2.317804999620421,198.18615400072304,34.0
1609860151,94,GET,/files/view/100000000KB?id=50,5.777778,5.777778,39,51,59,64,72,83,95,100,100,100,100,65,65,39,40.33779312286732,3.174155001033796,103.38633600076719,34.0
1609860151,94,GET,/files/view/100000000KB?id=51,5.777778,5.777778,39,52,55,58,61,66,180,190,190,190,190,65,65,39,40.38047001539291,3.1409170005645137,191.7423750001035,34.0
1609860151,94,GET,/files/view/100000000KB?id=52,5.666667,5.666667,39,53,61,65,80,89,220,220,220,220,220,65,65,39,47.18132958486631,2.7701090002665296,222.16047800066008,34.0
1609860151,94,GET,/files/view/100000000KB?id=53,5.666667,5.666667,37,52,56,58,63,70,86,92,92,92,92,64,64,37,37.30420910946464,2.8101030002289917,91.50696699907712,34.0
1609860151,94,GET,/files/view/100000000KB?id=54,5.666667,5.666667,41,51,61,62,70,81,85,220,220,220,220,64,64,40,42.12920810942933,2.849403001164319,222.06670800005668,34.0
1609860151,94,GET,/files/view/100000000KB?id=55,5.555556,5.555556,38,51,56,58,65,83,93,230,230,230,230,64,64,37,39.822432265566476,2.769142000033753,227.1051150000858,34.0
1609860151,94,GET,/files/view/100000000KB?id=56,5.555556,5.555556,37,50,58,63,68,71,76,81,81,81,81,63,63,37,38.455175380924686,2.8773449994332623,81.1873269994976,34.0
1609860151,94,GET,/files/view/100000000KB?id=57,5.555556,5.555556,39,52,55,57,61,68,74,81,81,81,81,63,63,39,36.61516671433226,3.121794001344824,80.85909100009303,34.0
1609860151,94,GET,/files/view/100000000KB?id=58,5.444444,5.444444,40,52,61,70,78,91,220,220,220,220,220,62,62,38,48.353084709619466,3.119958999377559,219.6783110011893,34.0
1609860151,94,GET,/files/view/100000000KB?id=59,5.444444,5.444444,36,48,55,57,64,68,71,73,73,73,73,62,62,36,36.280021548361304,3.362992998518166,72.6545220004482,34.0
1609860151,94,GET,/files/view/100000000KB?id=6,8.000000,8.000000,44,52,58,63,76,82,88,220,220,220,220,88,88,42,43.03996310225309,1.8178899990743957,216.82061399951635,34.0
1609860151,94,GET,/files/view/100000000KB?id=60,5.333333,5.333333,42,51,57,63,76,91,210,220,220,220,220,62,62,41,46.55942398383031,2.7286040003673406,217.7417439997953,34.0
1609860151,94,GET,/files/view/100000000KB?id=61,5.333333,5.333333,38,52,57,62,66,70,77,96,96,96,96,61,61,38,38.09442913123229,2.6739990007627057,95.57721200144442,34.0
1609860151,94,GET,/files/view/100000000KB?id=62,5.333333,5.333333,41,53,61,63,68,74,81,210,210,210,210,61,61,41,42.142987655723594,2.9263129999890225,214.5819859997573,34.0
1609860151,94,GET,/files/view/100000000KB?id=63,5.222222,5.222222,39,48,55,62,69,77,210,220,220,220,220,61,61,39,42.623071278702824,2.7992279992758995,216.30057699985628,34.0
1609860151,94,GET,/files/view/100000000KB?id=64,5.222222,5.222222,40,51,60,65,73,76,100,210,210,210,210,60,60,39,42.11080998335698,2.788646999761113,213.02105799986748,34.0
1609860151,94,GET,/files/view/100000000KB?id=65,5.111111,5.111111,39,48,60,64,71,81,190,190,190,190,190,60,60,38,42.546602400004,2.7051370016124565,194.12834700051462,34.0
1609860151,94,GET,/files/view/100000000KB?id=66,5.111111,5.111111,40,51,60,65,80,97,99,210,210,210,210,59,59,40,43.232717593158576,2.9683860011573415,214.0364420010883,34.0
1609860151,94,GET,/files/view/100000000KB?id=67,5.111111,5.111111,38,47,53,59,63,68,68,71,71,71,71,58,58,35,36.159283844928474,3.1010930015327176,70.85603800078388,34.0
1609860151,94,GET,/files/view/100000000KB?id=68,5.000000,5.000000,38,49,60,64,77,85,87,190,190,190,190,58,58,37,41.82949453448161,3.0672180000692606,192.67681100063783,34.0
1609860151,94,GET,/files/view/100000000KB?id=69,5.000000,5.000000,38,55,58,63,70,85,170,190,190,190,190,57,57,38,43.44755840352982,2.7970149985776516,194.32351400064363,34.0
1609860151,94,GET,/files/view/100000000KB?id=7,8.000000,8.000000,31,39,46,48,69,79,100,210,210,210,210,88,88,31,34.90978828403968,1.832121999541414,207.26823800032435,34.0
1609860151,94,GET,/files/view/100000000KB?id=70,5.000000,5.000000,40,51,57,60,70,83,84,210,210,210,210,57,57,40,41.95557184210517,3.4219520002807258,206.75539399962872,34.0
1609860151,94,GET,/files/view/100000000KB?id=71,5.000000,5.000000,37,52,55,59,71,81,92,210,210,210,210,57,57,37,41.06752243856854,4.0923639990069205,212.78172399979667,34.0
1609860151,94,GET,/files/view/100000000KB?id=72,4.888889,4.888889,39,49,58,64,71,83,84,220,220,220,220,56,56,36,41.402891874960396,3.617547999965609,215.07586000006995,34.0
1609860151,94,GET,/files/view/100000000KB?id=73,4.888889,4.888889,37,52,60,60,74,77,100,200,200,200,200,56,56,36,41.19678780346346,3.987867001342238,202.91466200069408,34.0
1609860151,94,GET,/files/view/100000000KB?id=74,4.888889,4.888889,39,53,54,58,70,75,78,90,90,90,90,55,55,39,38.7061437999364,5.3435359986906406,89.76779700060433,34.0
1609860151,94,GET,/files/view/100000000KB?id=75,4.777778,4.777778,40,48,56,63,68,90,99,200,200,200,200,55,55,40,41.25616389087968,4.05263799984823,200.82552400162967,34.0
1609860151,94,GET,/files/view/100000000KB?id=76,4.777778,4.777778,41,52,56,62,68,76,84,210,210,210,210,55,55,41,41.77340132730685,5.358602000342216,210.2510570002778,34.0
1609860151,94,GET,/files/view/100000000KB?id=77,4.777778,4.777778,38,50,58,66,71,79,81,200,200,200,200,54,54,35,40.98907390743989,3.5879779989045346,198.0991480013472,34.0
1609860151,94,GET,/files/view/100000000KB?id=78,4.666667,4.666667,38,52,56,62,67,78,84,190,190,190,190,54,54,37,41.14117990721516,5.704676999812364,190.02617600017402,34.0
1609860151,94,GET,/files/view/100000000KB?id=79,4.666667,4.666667,39,46,57,60,79,87,93,220,220,220,220,53,53,39,41.583502528394675,3.9228660007211147,215.31333600069047,34.0
1609860151,94,GET,/files/view/100000000KB?id=8,7.888889,7.888889,43,53,58,63,72,79,210,230,230,230,230,88,88,42,44.09475347744195,1.7368369990435895,233.06815800060576,34.0
1609860151,94,GET,/files/view/100000000KB?id=80,4.666667,4.666667,39,54,58,59,67,69,72,170,170,170,170,52,52,37,39.989618615436484,5.020550999688567,166.61286000089603,34.0
1609860151,94,GET,/files/view/100000000KB?id=81,4.555556,4.555556,40,49,58,61,67,74,86,200,200,200,200,52,52,35,41.18692600010176,3.85997800003679,198.01737300076638,34.0
1609860151,94,GET,/files/view/100000000KB?id=82,4.555556,4.555556,35,55,58,64,79,89,200,220,220,220,220,51,51,35,45.24422860794955,5.544469000597019,219.62946699932218,34.0
1609860151,94,GET,/files/view/100000000KB?id=83,4.555556,4.555556,34,51,57,58,66,70,78,79,79,79,79,51,51,34,37.49060407850872,4.127063999476377,78.91829599975608,34.0
1609860151,94,GET,/files/view/100000000KB?id=84,4.555556,4.555556,37,49,56,57,65,76,76,81,81,81,81,51,51,37,37.60426147053687,5.001862999051809,80.58306199927756,34.0
1609860151,94,GET,/files/view/100000000KB?id=85,4.444444,4.444444,41,51,56,63,71,90,220,220,220,220,220,50,50,32,41.86968841997441,3.429620999668259,218.32124600041425,34.0
1609860151,94,GET,/files/view/100000000KB?id=86,4.444444,4.444444,38,48,56,59,69,74,190,190,190,190,190,50,50,37,40.40315950001968,4.878215000644559,194.3117920000077,34.0
1609860151,94,GET,/files/view/100000000KB?id=87,4.444444,4.444444,42,56,60,64,71,75,190,190,190,190,190,50,50,41,42.12302270032524,3.5497950011631474,192.1141050006554,34.0
1609860151,94,GET,/files/view/100000000KB?id=88,4.333333,4.333333,34,51,57,60,72,78,200,200,200,200,200,49,49,34,41.24319491837719,4.6907520008971915,202.30890899983933,34.0
1609860151,94,GET,/files/view/100000000KB?id=89,4.333333,4.333333,37,50,58,61,70,75,77,77,77,77,77,49,49,37,38.09166234680802,3.5613410000223666,77.32996699996875,34.0
1609860151,94,GET,/files/view/100000000KB?id=9,7.888889,7.888889,34,41,49,56,73,81,180,200,200,200,200,87,87,34,37.93161196542847,1.5546400009043282,196.91690600120637,34.0
1609860151,94,GET,/files/view/100000000KB?id=90,4.333333,4.333333,34,51,58,64,75,81,220,220,220,220,220,49,49,34,44.58569928584086,5.254937999779941,219.12719899955846,34.0
1609860151,94,GET,/files/view/100000000KB?id=91,4.222222,4.222222,34,49,58,60,74,79,210,210,210,210,210,48,48,32,43.805179604343415,4.1562879996490665,211.20429000075092,34.0
1609860151,94,GET,/files/view/100000000KB?id=92,4.222222,4.222222,38,52,58,60,70,89,180,180,180,180,180,48,48,35,41.78939010413766,5.796561999886762,183.60151700107963,34.0
1609860151,94,GET,/files/view/100000000KB?id=93,4.222222,4.222222,36,49,58,61,65,75,87,87,87,87,87,47,47,36,38.08505963818189,4.88313000096241,87.2834520014294,34.0
1609860151,94,GET,/files/view/100000000KB?id=94,4.222222,4.222222,37,50,56,60,66,71,100,100,100,100,100,47,47,37,38.38802440414122,6.865717999971821,104.65759600083402,34.0
1609860151,94,GET,/files/view/100000000KB?id=95,4.111111,4.111111,37,54,59,61,90,210,210,210,210,210,210,47,47,37,49.32003376594134,5.060886000137543,213.8185110015911,34.0
1609860151,94,GET,/files/view/100000000KB?id=96,4.111111,4.111111,36,49,51,53,61,66,71,71,71,71,71,46,46,34,36.17994273918157,6.133435999799985,70.84245799887867,34.0
1609860151,94,GET,/files/view/100000000KB?id=97,4.111111,4.111111,36,52,56,58,66,76,79,79,79,79,79,46,46,32,38.37919991308255,5.10438899982546,79.00701399921672,34.0
1609860151,94,GET,/files/view/100000000KB?id=98,4.111111,4.111111,40,51,58,61,74,100,210,210,210,210,210,46,46,39,46.09437021736085,5.919146000451292,208.8698959996691,34.0
1609860151,94,GET,/files/view/100000000KB?id=99,4.000000,4.000000,37,52,58,60,65,82,220,220,220,220,220,45,45,37,42.00700817778448,5.610477999653085,217.47876200061,34.0
1609860151,94,,Aggregated,597.555556,597.555556,37,50,56,61,71,81,140,210,230,270,270,6708,6708,37,41.288475659352116,1.5546400009043282,272.7445299988176,34.0
1609860152,102,GET,/files/view/100000000KB?id=0,8.300000,8.300000,72,98,130,140,260,280,290,430,470,470,470,106,106,71,98.80053483005402,4.052174001117237,469.23561100084044,34.0
1609860152,102,GET,/files/view/100000000KB?id=1,8.300000,8.300000,33,43,50,56,92,100,180,200,270,270,270,104,104,33,42.31971401923847,2.3377779998554615,274.9269070009177,34.0
1609860152,102,GET,/files/view/100000000KB?id=10,7.800000,7.800000,50,56,64,66,78,100,220,230,230,230,230,96,96,49,49.25966537503731,1.569210000525345,231.28219099999114,34.0
1609860152,102,GET,/files/view/100000000KB?id=11,7.700000,7.700000,35,46,53,61,72,84,110,110,110,110,110,94,94,34,37.929984329724554,1.8797270004142774,109.30285499853198,34.0
1609860152,102,GET,/files/view/100000000KB?id=12,7.600000,7.600000,48,58,63,70,77,190,210,230,230,230,230,93,93,48,51.76266239784606,1.6054850002547028,231.2769299987849,34.0
1609860152,102,GET,/files/view/100000000KB?id=13,7.600000,7.600000,36,48,53,59,67,74,87,90,90,90,90,92,92,36,36.643601369435245,1.5914809991954826,90.00212799946894,34.0
1609860152,102,GET,/files/view/100000000KB?id=14,7.500000,7.500000,43,57,67,71,77,85,200,280,280,280,280,92,92,43,47.73682286966742,1.5577650010527577,277.8943960001925,34.0
1609860152,102,GET,/files/view/100000000KB?id=15,7.500000,7.500000,38,47,52,56,72,82,100,220,220,220,220,91,91,38,39.284345769004545,2.0813089995499467,215.9727769994788,34.0
1609860152,102,GET,/files/view/100000000KB?id=16,7.500000,7.500000,45,58,64,69,73,89,210,230,230,230,230,91,91,45,48.24403908789643,1.6122630004247185,231.50629100018705,34.0
1609860152,102,GET,/files/view/100000000KB?id=17,7.400000,7.400000,37,47,56,60,73,82,100,180,180,180,180,91,91,37,39.49681903289744,2.9126139997970313,176.94788700100617,34.0
1609860152,102,GET,/files/view/100000000KB?id=18,7.400000,7.400000,47,58,66,67,77,100,220,230,230,230,230,90,90,44,49.14874081118291,2.3195170015242184,225.48896599982982,34.0
1609860152,102,GET,/files/view/100000000KB?id=19,7.200000,7.200000,38,48,52,59,73,85,93,130,130,130,130,89,89,38,38.36680932582066,2.520300000469433,126.89066200073285,34.0
1609860152,102,GET,/files/view/100000000KB?id=2,8.200000,8.200000,50,65,69,75,88,98,110,190,220,220,220,103,103,50,51.43326354372777,2.0684060000348836,224.52550500020152,34.0
1609860152,102,GET,/files/view/100000000KB?id=20,7.200000,7.200000,45,59,65,68,76,96,210,240,240,240,240,88,88,44,48.33568621585403,2.2851209996588295,238.09355800040066,34.0
1609860152,102,GET,/files/view/100000000KB?id=21,7.200000,7.200000,40,48,53,58,76,81,110,210,210,210,210,88,88,39,39.852947568202914,2.618964999783202,210.91130700006033,34.0
1609860152,102,GET,/files/view/100000000KB?id=22,7.100000,7.100000,41,60,66,70,78,94,210,230,230,230,230,87,87,41,47.63202947116492,2.763896000033128,229.77294900010747,34.0
1609860152,102,GET,/files/view/100000000KB?id=23,7.100000,7.100000,39,47,55,59,72,81,120,200,200,200,200,87,87,39,39.56246832185779,2.5144379997072974,200.44331399913062,34.0
1609860152,102,GET,/files/view/100000000KB?id=24,7.000000,7.000000,48,60,67,69,74,100,190,230,230,230,230,86,86,46,48.88158581387722,2.038000999164069,226.71556099885493,34.0
1609860152,102,GET,/files/view/100000000KB?id=25,7.000000,7.000000,40,48,54,57,72,81,94,97,97,97,97,86,86,38,38.747223325646154,1.6844250003487105,97.17684200040821,34.0
1609860152,102,GET,/files/view/100000000KB?id=26,6.900000,6.900000,43,57,62,68,76,82,230,240,240,240,240,85,85,43,47.88027270577218,1.9461709998722654,241.34627599960368,34.0
1609860152,102,GET,/files/view/100000000KB?id=27,6.900000,6.900000,39,50,55,60,73,80,100,120,120,120,120,85,85,39,40.115768752880015,1.8284600009792484,124.3416729994351,34.0
1609860152,102,GET,/files/view/100000000KB?id=28,6.800000,6.800000,45,58,64,69,76,95,220,230,230,230,230,84,84,44,48.51588860715527,1.8952600003103726,233.10276200027147,34.0
1609860152,102,GET,/files/view/100000000KB?id=29,6.800000,6.800000,41,51,57,60,73,79,200,260,260,260,260,84,84,40,43.22908127384532,1.7679979991953587,259.76104800065514,34.0
1609860152,102,GET,/files/view/100000000KB?id=3,8.100000,8.100000,33,43,52,57,71,92,120,190,280,280,280,103,103,33,39.6081235242853,1.8174300003011012,280.71703200112097,34.0
1609860152,102,GET,/files/view/100000000KB?id=30,6.700000,6.700000,40,60,64,65,79,91,110,210,210,210,210,83,83,40,45.26430204817419,1.834160000726115,206.5866279990587,34.0
1609860152,102,GET,/files/view/100000000KB?id=31,6.700000,6.700000,41,50,57,60,76,94,200,250,250,250,250,83,83,41,43.6631839999232,1.7923369996424299,251.63055200027884,34.0
1609860152,102,GET,/files/view/100000000KB?id=32,6.600000,6.600000,43,62,65,67,74,85,92,99,99,99,99,82,82,43,43.386569548624166,1.6933599999902071,99.05061599965848,34.0
1609860152,102,GET,/files/view/100000000KB?id=33,6.500000,6.500000,42,54,60,63,70,100,190,210,210,210,210,81,81,42,46.006851358043484,1.6972649991657818,206.06115700138616,34.0
1609860152,102,GET,/files/view/100000000KB?id=34,6.500000,6.500000,44,59,64,67,76,85,100,110,110,110,110,81,81,44,43.64895966657823,1.7672119993221713,108.51335600091261,34.0
1609860152,102,GET,/files/view/100000000KB?id=35,6.500000,6.500000,43,50,56,64,73,96,210,210,210,210,210,81,81,43,44.212423135787155,1.900408000437892,211.46674400006304,34.0
1609860152,102,GET,/files/view/100000000KB?id=36,6.400000,6.400000,45,59,68,72,79,110,230,250,250,250,250,80,80,45,49.74541668748316,1.8294969995622523,248.18506900010107,34.0
1609860152,102,GET,/files/view/100000000KB?id=37,6.400000,6.400000,43,51,58,60,72,100,110,200,200,200,200,80,80,39,42.47680874998423,1.7288510007347213,203.01121299962688,34.0
1609860152,102,GET,/files/view/100000000KB?id=38,6.400000,6.400000,42,61,64,67,78,92,200,220,220,220,220,78,78,42,46.6456726409468,2.0172760014247615,224.3139539987169,34.0
1609860152,102,GET,/files/view/100000000KB?id=39,6.300000,6.300000,39,52,57,58,74,91,95,210,210,210,210,78,78,39,41.86903755122237,3.1710209987068083,212.60873100072786,34.0
1609860152,102,GET,/files/view/100000000KB?id=4,8.100000,8.100000,48,55,66,69,79,86,93,100,210,210,210,102,102,48,46.544240196168424,1.7901020000863355,207.46003999920504,34.0
1609860152,102,GET,/files/view/100000000KB?id=40,6.300000,6.300000,45,55,64,67,74,78,88,230,230,230,230,78,78,44,44.15060211524691,3.2310360002156813,229.42972399869177,34.0
1609860152,102,GET,/files/view/100000000KB?id=41,6.200000,6.200000,40,52,60,62,82,97,200,200,200,200,200,78,78,39,44.71084561546144,3.0066680010349955,200.55977499941946,34.0
1609860152,102,GET,/files/view/100000000KB?id=42,6.200000,6.200000,47,59,67,71,81,110,210,220,220,220,220,77,77,47,50.179570688208976,3.6867869985144353,223.06698400097957,34.0
1609860152,102,GET,/files/view/100000000KB?id=43,6.200000,6.200000,40,53,58,59,67,71,92,95,95,95,95,76,76,38,39.196199289347675,3.4591939984238707,94.83767900019302,34.0
1609860152,102,GET,/files/view/100000000KB?id=44,6.100000,6.100000,43,61,66,68,75,110,220,220,220,220,220,76,76,42,48.60574642105731,4.163431000051787,223.3246070009045,34.0
1609860152,102,GET,/files/view/100000000KB?id=45,6.100000,6.100000,42,53,60,61,71,77,94,99,99,99,99,75,75,42,40.724716293358746,4.165604999798234,98.55582700038212,34.0
1609860152,102,GET,/files/view/100000000KB?id=46,6.100000,6.100000,42,55,62,68,72,76,98,230,230,230,230,74,74,40,43.77166712156149,3.1010429993330035,228.1224630005454,34.0
1609860152,102,GET,/files/view/100000000KB?id=47,6.000000,6.000000,42,52,60,63,82,110,210,210,210,210,210,74,74,41,45.69749333780704,2.7216609996685293,210.32738800022344,34.0
1609860152,102,GET,/files/view/100000000KB?id=48,6.000000,6.000000,40,59,63,68,73,91,210,220,220,220,220,73,73,40,46.54476119182232,2.7282150003884453,221.88801599986618,34.0
1609860152,102,GET,/files/view/100000000KB?id=49,5.900000,5.900000,41,52,57,59,73,110,190,200,200,200,200,73,73,41,44.37445364394628,2.718673998970189,199.43713299835508,34.0
1609860152,102,GET,/files/view/100000000KB?id=5,8.000000,8.000000,35,44,58,67,80,110,200,230,230,230,230,100,100,34,42.95867619995988,2.317804999620421,228.121017000376,34.0
1609860152,102,GET,/files/view/100000000KB?id=50,5.800000,5.800000,42,56,67,69,77,90,100,230,230,230,230,72,72,40,45.69544868038773,3.174155001033796,234.72764200050733,34.0
1609860152,102,GET,/files/view/100000000KB?id=51,5.800000,5.800000,42,54,58,60,68,100,180,190,190,190,190,72,72,39,44.39873231942531,3.1409170005645137,191.7423750001035,34.0
1609860152,102,GET,/files/view/100000000KB?id=52,5.700000,5.700000,41,56,64,69,87,110,220,220,220,220,220,71,71,41,50.01644266221646,2.7701090002665296,222.16047800066008,34.0
1609860152,102,GET,/files/view/100000000KB?id=53,5.700000,5.700000,38,54,59,61,69,86,92,95,95,95,95,71,71,38,40.898284760618814,2.8101030002289917,94.60201999900164,34.0
1609860152,102,GET,/files/view/100000000KB?id=54,5.700000,5.700000,45,57,62,65,73,81,85,220,220,220,220,70,70,43,44.40267205721154,2.849403001164319,222.06670800005668,34.0
1609860152,102,GET,/files/view/100000000KB?id=55,5.600000,5.600000,40,54,60,64,74,83,99,230,230,230,230,70,70,40,43.0370913571096,2.769142000033753,227.1051150000858,34.0
1609860152,102,GET,/files/view/100000000KB?id=56,5.600000,5.600000,43,56,63,66,71,81,100,260,260,260,260,69,69,43,44.498984130426095,2.8773449994332623,256.9925210009387,34.0
1609860152,102,GET,/files/view/100000000KB?id=57,5.500000,5.500000,40,54,58,59,65,70,81,87,87,87,87,69,69,40,39.28900373912124,3.121794001344824,87.05351500066172,34.0
1609860152,102,GET,/files/view/100000000KB?id=58,5.500000,5.500000,46,61,70,71,88,200,220,260,260,260,260,69,69,46,53.73744343473779,3.119958999377559,255.11091699991084,34.0
1609860152,102,GET,/files/view/100000000KB?id=59,5.500000,5.500000,39,54,60,62,68,71,80,94,94,94,94,68,68,38,39.478336617615724,3.362992998518166,93.73443099866563,34.0
1609860152,102,GET,/files/view/100000000KB?id=6,8.000000,8.000000,47,58,66,71,80,88,220,280,280,280,280,100,100,47,49.058843059956416,1.8178899990743957,276.4156550001644,34.0
1609860152,102,GET,/files/view/100000000KB?id=60,5.400000,5.400000,43,55,63,65,82,99,210,220,220,220,220,67,67,43,48.55953228352926,2.7286040003673406,217.7417439997953,34.0
1609860152,102,GET,/files/view/100000000KB?id=61,5.400000,5.400000,42,55,62,65,70,77,97,110,110,110,110,67,67,42,41.617123208985205,2.6739990007627057,105.00902599960682,34.0
1609860152,102,GET,/files/view/100000000KB?id=62,5.400000,5.400000,46,58,62,64,73,80,85,210,210,210,210,66,66,45,44.14024734843692,2.9263129999890225,214.5819859997573,34.0
1609860152,102,GET,/files/view/100000000KB?id=63,5.200000,5.200000,40,54,62,66,77,99,210,220,220,220,220,66,66,40,46.23132181818205,2.7992279992758995,216.30057699985628,34.0
1609860152,102,GET,/files/view/100000000KB?id=64,5.200000,5.200000,43,55,60,65,75,90,110,210,210,210,210,65,65,43,44.63743030766916,2.788646999761113,213.02105799986748,34.0
1609860152,102,GET,/files/view/100000000KB?id=65,5.100000,5.100000,42,56,62,68,73,81,190,190,190,190,190,65,65,42,44.60303378459335,2.7051370016124565,194.12834700051462,34.0
1609860152,102,GET,/files/view/100000000KB?id=66,5.100000,5.100000,47,55,65,75,83,100,210,250,250,250,250,65,65,47,49.73365295378384,2.9683860011573415,249.74148100045568,34.0
1609860152,102,GET,/files/view/100000000KB?id=67,5.100000,5.100000,40,52,59,61,67,68,94,100,100,100,100,64,64,39,39.700916781356455,3.1010930015327176,101.09912099869689,34.0
1609860152,102,GET,/files/view/100000000KB?id=68,5.000000,5.000000,42,56,64,67,77,81,87,190,190,190,190,64,64,40,44.17478815622644,3.0672180000692606,192.67681100063783,34.0
1609860152,102,GET,/files/view/100000000KB?id=69,5.000000,5.000000,45,58,63,65,73,85,190,240,240,240,240,64,64,43,48.82544928128141,2.7970149985776516,236.35951300093438,34.0
1609860152,102,GET,/files/view/100000000KB?id=7,8.000000,8.000000,35,46,55,63,77,100,110,210,210,210,210,98,98,34,39.35720686732399,1.832121999541414,207.26823800032435,34.0
1609860152,102,GET,/files/view/100000000KB?id=70,5.000000,5.000000,45,54,60,65,75,80,84,210,210,210,210,63,63,45,44.29419966667381,3.4219520002807258,206.75539399962872,34.0
1609860152,102,GET,/files/view/100000000KB?id=71,4.900000,4.900000,43,55,59,63,79,85,100,210,210,210,210,63,63,43,44.43719406348435,4.0923639990069205,212.78172399979667,34.0
1609860152,102,GET,/files/view/100000000KB?id=72,4.900000,4.900000,42,53,65,68,83,86,100,220,220,220,220,62,62,42,45.54902190319544,3.617547999965609,215.07586000006995,34.0
1609860152,102,GET,/files/view/100000000KB?id=73,4.900000,4.900000,42,55,60,66,75,94,100,200,200,200,200,62,62,42,44.730755483831146,3.987867001342238,202.91466200069408,34.0
1609860152,102,GET,/files/view/100000000KB?id=74,4.800000,4.800000,49,54,59,61,73,78,90,250,250,250,250,62,62,45,44.712367048363845,5.3435359986906406,253.3771490016079,34.0
1609860152,102,GET,/files/view/100000000KB?id=75,4.800000,4.800000,43,56,63,65,72,83,99,200,200,200,200,61,61,43,44.07352070496122,4.05263799984823,200.82552400162967,34.0
1609860152,102,GET,/files/view/100000000KB?id=76,4.700000,4.700000,44,55,62,65,72,76,98,210,210,210,210,61,61,44,44.78825601645589,5.358602000342216,210.2510570002778,34.0
1609860152,102,GET,/files/view/100000000KB?id=77,4.700000,4.700000,41,58,66,67,73,81,200,240,240,240,240,61,61,41,47.59816067217187,3.5879779989045346,244.82302100113884,34.0
1609860152,102,GET,/files/view/100000000KB?id=78,4.700000,4.700000,43,56,62,66,73,80,84,190,190,190,190,60,60,41,44.0757453331571,5.704676999812364,190.02617600017402,34.0
1609860152,102,GET,/files/view/100000000KB?id=79,4.600000,4.600000,44,57,63,69,87,110,220,260,260,260,260,60,60,42,49.00047266683032,3.9228660007211147,259.82850800028245,34.0
1609860152,102,GET,/files/view/100000000KB?id=8,7.900000,7.900000,48,56,63,67,74,84,210,230,230,230,230,97,97,48,47.02154280424758,1.7368369990435895,233.06815800060576,34.0
1609860152,102,GET,/files/view/100000000KB?id=80,4.600000,4.600000,44,56,59,66,72,100,120,170,170,170,170,59,59,44,44.72256600003397,5.020550999688567,166.61286000089603,34.0
1609860152,102,GET,/files/view/100000000KB?id=81,4.600000,4.600000,43,57,62,67,76,86,100,200,200,200,200,58,58,42,45.01796710350202,3.85997800003679,198.01737300076638,34.0
1609860152,102,GET,/files/view/100000000KB?id=82,4.500000,4.500000,43,58,67,75,99,200,220,250,250,250,250,57,57,43,52.52913331589713,5.544469000597019,246.4695179987757,34.0
1609860152,102,GET,/files/view/100000000KB?id=83,4.500000,4.500000,44,55,59,62,70,79,92,100,100,100,100,57,57,44,41.340101456259156,4.127063999476377,101.00634500122396,34.0
1609860152,102,GET,/files/view/100000000KB?id=84,4.500000,4.500000,41,55,58,65,70,76,81,99,99,99,99,57,57,41,41.359843806914576,5.001862999051809,99.14678300083324,34.0
1609860152,102,GET,/files/view/100000000KB?id=85,4.400000,4.400000,46,56,65,67,87,98,220,260,260,260,260,57,57,46,49.3096735789821,3.429620999668259,257.0600680010102,34.0
1609860152,102,GET,/files/view/100000000KB?id=86,4.400000,4.400000,43,55,63,65,74,100,110,190,190,190,190,56,56,40,45.14848130354819,4.878215000644559,194.3117920000077,34.0
1609860152,102,GET,/files/view/100000000KB?id=87,4.400000,4.400000,48,57,64,65,74,100,110,190,190,190,190,56,56,47,45.945734357474066,3.5497950011631474,192.1141050006554,34.0
1609860152,102,GET,/files/view/100000000KB?id=88,4.400000,4.400000,41,57,62,70,78,99,200,240,240,240,240,55,55,41,48.06891589092133,4.6907520008971915,239.74688300040725,34.0
1609860152,102,GET,/files/view/100000000KB?id=89,4.300000,4.300000,44,56,61,64,75,80,100,100,100,100,100,54,54,40,42.25001953694085,3.5613410000223666,101.72908900131006,34.0
1609860152,102,GET,/files/view/100000000KB?id=9,7.800000,7.800000,36,47,58,66,78,100,180,200,200,200,200,96,96,36,41.55713176032805,1.5546400009043282,196.91690600120637,34.0
1609860152,102,GET,/files/view/100000000KB?id=90,4.300000,4.300000,44,57,64,67,81,100,210,220,220,220,220,54,54,43,48.44882418530216,5.254937999779941,219.12719899955846,34.0
1609860152,102,GET,/files/view/100000000KB?id=91,4.300000,4.300000,45,57,61,67,80,98,200,210,210,210,210,54,54,44,47.86448320383998,4.1562879996490665,211.20429000075092,34.0
1609860152,102,GET,/files/view/100000000KB?id=92,4.200000,4.200000,42,58,60,66,85,96,110,180,180,180,180,54,54,41,46.23120483328994,5.796561999886762,183.60151700107963,34.0
1609860152,102,GET,/files/view/100000000KB?id=93,4.200000,4.200000,46,52,61,63,76,100,110,240,240,240,240,52,52,41,45.90226144224429,4.88313000096241,242.94891399949847,34.0
1609860152,102,GET,/files/view/100000000KB?id=94,4.200000,4.200000,42,51,60,63,71,95,99,100,100,100,100,51,51,42,41.845913490083056,6.865717999971821,104.65759600083402,34.0
1609860152,102,GET,/files/view/100000000KB?id=95,4.100000,4.100000,44,58,64,66,98,210,210,210,210,210,210,51,51,44,52.10302664707734,5.060886000137543,213.8185110015911,34.0
1609860152,102,GET,/files/view/100000000KB?id=96,4.100000,4.100000,40,51,59,60,71,93,96,100,100,100,100,51,51,40,41.30168149027204,6.133435999799985,104.94482100148161,34.0
1609860152,102,GET,/files/view/100000000KB?id=97,4.100000,4.100000,39,54,61,63,74,79,98,120,120,120,120,51,51,39,42.59543827456404,5.10438899982546,122.94577199827472,34.0
1609860152,102,GET,/files/view/100000000KB?id=98,4.000000,4.000000,43,57,63,65,88,100,210,210,210,210,210,50,50,40,48.6499063199517,5.919146000451292,208.8698959996691,34.0
1609860152,102,GET,/files/view/100000000KB?id=99,4.000000,4.000000,45,56,60,62,82,99,220,220,220,220,220,50,50,39,45.81569716003287,5.610477999653085,217.47876200061,34.0
1609860152,102,,Aggregated,594.400000,594.400000,41,55,62,66,77,94,190,210,280,470,470,7402,7402,41,45.541676753840136,1.5546400009043282,469.23561100084044,34.0
1609860153,111,GET,/files/view/100000000KB?id=0,8.500000,8.500000,83,100,140,180,280,290,330,430,470,470,470,121,121,83,111.50347497507839,4.052174001117237,469.23561100084044,34.0
1609860153,111,GET,/files/view/100000000KB?id=1,8.500000,8.500000,37,50,75,89,98,110,180,200,270,270,270,120,120,36,48.62903674165864,2.3377779998554615,274.9269070009177,34.0
1609860153,111,GET,/files/view/100000000KB?id=10,8.000000,8.000000,51,63,67,72,98,110,220,220,230,230,230,105,105,51,53.26249896191127,1.569210000525345,231.28219099999114,34.0
1609860153,111,GET,/files/view/100000000KB?id=11,7.900000,7.900000,37,51,64,72,88,100,110,110,110,110,110,105,105,37,43.581578371370036,1.8797270004142774,109.30285499853198,34.0
1609860153,111,GET,/files/view/100000000KB?id=12,7.900000,7.900000,51,62,71,75,100,150,210,210,230,230,230,104,104,51,55.75259396153762,1.6054850002547028,231.2769299987849,34.0
1609860153,111,GET,/files/view/100000000KB?id=13,7.800000,7.800000,40,51,62,65,83,100,110,110,110,110,110,103,103,40,42.49259322318059,1.5914809991954826,109.68025299916917,34.0
1609860153,111,GET,/files/view/100000000KB?id=14,7.800000,7.800000,48,61,71,72,85,110,130,200,280,280,280,101,101,48,51.40784500006271,1.5577650010527577,277.8943960001925,34.0
1609860153,111,GET,/files/view/100000000KB?id=15,7.800000,7.800000,40,51,61,69,82,100,120,220,240,240,240,101,101,40,45.72139421763117,2.0813089995499467,236.62170200077526,34.0
1609860153,111,GET,/files/view/100000000KB?id=16,7.700000,7.700000,49,62,69,71,89,110,210,230,230,230,230,100,100,48,51.87124298998242,1.6122630004247185,231.50629100018705,34.0
1609860153,111,GET,/files/view/100000000KB?id=17,7.600000,7.600000,40,51,60,68,82,100,180,260,260,260,260,98,98,40,44.99854914277476,2.9126139997970313,258.27683999887086,34.0
1609860153,111,GET,/files/view/100000000KB?id=18,7.600000,7.600000,50,63,67,72,97,110,220,230,230,230,230,97,97,50,52.50899036094704,2.3195170015242184,225.48896599982982,34.0
1609860153,111,GET,/files/view/100000000KB?id=19,7.600000,7.600000,39,51,59,64,88,99,130,260,260,260,260,97,97,39,44.48082512371724,2.520300000469433,260.1538270009769,34.0
1609860153,111,GET,/files/view/100000000KB?id=2,8.400000,8.400000,56,67,75,82,99,110,110,190,220,220,220,118,118,54,56.176317711907686,2.0684060000348836,224.52550500020152,34.0
1609860153,111,GET,/files/view/100000000KB?id=20,7.600000,7.600000,48,62,68,69,83,110,210,240,240,240,240,96,96,47,51.871830010422094,2.2851209996588295,238.09355800040066,34.0
1609860153,111,GET,/files/view/100000000KB?id=21,7.600000,7.600000,41,52,60,68,81,110,110,210,210,210,210,95,95,41,44.154039673709406,2.618964999783202,210.91130700006033,34.0
1609860153,111,GET,/files/view/100000000KB?id=22,7.500000,7.500000,46,63,69,73,87,100,210,230,230,230,230,93,93,46,50.197427387022906,2.763896000033128,229.77294900010747,34.0
1609860153,111,GET,/files/view/100000000KB?id=23,7.500000,7.500000,42,48,59,63,77,99,120,200,200,200,200,93,93,42,42.69762164517243,2.5144379997072974,200.44331399913062,34.0
1609860153,111,GET,/files/view/100000000KB?id=24,7.400000,7.400000,50,62,69,71,93,110,230,240,240,240,240,92,92,49,53.427135760775066,2.038000999164069,241.6063140008191,34.0
1609860153,111,GET,/files/view/100000000KB?id=25,7.300000,7.300000,40,51,57,62,79,90,110,110,110,110,110,91,91,40,41.413528428625334,1.6844250003487105,107.50572100005229,34.0
1609860153,111,GET,/files/view/100000000KB?id=26,7.300000,7.300000,46,60,68,70,81,120,230,240,240,240,240,91,91,46,51.414307977900755,1.9461709998722654,241.34627599960368,34.0
1609860153,111,GET,/files/view/100000000KB?id=27,7.200000,7.200000,42,52,60,65,79,97,110,120,120,120,120,91,91,42,43.16132935157809,1.8284600009792484,124.3416729994351,34.0
1609860153,111,GET,/files/view/100000000KB?id=28,7.200000,7.200000,46,63,72,74,92,130,230,240,240,240,240,91,91,46,53.91761941759646,1.8952600003103726,244.98377599957166,34.0
1609860153,111,GET,/files/view/100000000KB?id=29,7.100000,7.100000,43,54,60,63,79,110,240,260,260,260,260,89,89,43,47.74287278655464,1.7679979991953587,259.76104800065514,34.0
1609860153,111,GET,/files/view/100000000KB?id=3,8.400000,8.400000,36,52,67,69,92,110,120,190,280,280,280,116,116,35,44.83908209487771,1.8174300003011012,280.71703200112097,34.0
1609860153,111,GET,/files/view/100000000KB?id=30,7.100000,7.100000,41,62,65,73,93,100,130,210,210,210,210,88,88,41,48.77579067041634,1.834160000726115,206.5866279990587,34.0
1609860153,111,GET,/files/view/100000000KB?id=31,7.000000,7.000000,42,52,60,67,94,100,250,250,250,250,250,88,88,41,48.47874036357263,1.7923369996424299,252.56979900041188,34.0
1609860153,111,GET,/files/view/100000000KB?id=32,7.000000,7.000000,44,63,67,70,85,92,100,160,160,160,160,87,87,44,46.90475172397762,1.6933599999902071,158.24983999846154,34.0
1609860153,111,GET,/files/view/100000000KB?id=33,6.900000,6.900000,44,57,63,68,100,120,190,210,210,210,210,87,87,44,50.16718725287894,1.6972649991657818,206.06115700138616,34.0
1609860153,111,GET,/files/view/100000000KB?id=34,6.800000,6.800000,46,61,67,72,86,100,110,110,110,110,110,86,86,46,47.062288395271786,1.7672119993221713,108.51335600091261,34.0
1609860153,111,GET,/files/view/100000000KB?id=35,6.800000,6.800000,44,52,62,67,85,100,210,210,210,210,210,85,85,44,46.66695968234682,1.900408000437892,211.46674400006304,34.0
1609860153,111,GET,/files/view/100000000KB?id=36,6.700000,6.700000,46,63,70,74,100,120,250,250,250,250,250,85,85,46,54.4561865293979,1.8294969995622523,248.18506900010107,34.0
1609860153,111,GET,/files/view/100000000KB?id=37,6.700000,6.700000,43,54,60,66,83,100,120,200,200,200,200,84,84,43,45.46828548810871,1.7288510007347213,203.01121299962688,34.0
1609860153,111,GET,/files/view/100000000KB?id=38,6.600000,6.600000,50,63,68,75,92,100,200,220,220,220,220,84,84,49,50.394357654676284,2.0172760014247615,224.3139539987169,34.0
1609860153,111,GET,/files/view/100000000KB?id=39,6.700000,6.700000,42,57,58,63,74,91,100,210,210,210,210,83,83,42,44.36669730116646,3.1710209987068083,212.60873100072786,34.0
1609860153,111,GET,/files/view/100000000KB?id=4,8.300000,8.300000,52,65,71,75,92,110,120,210,240,240,240,116,116,51,53.62894493972472,1.7901020000863355,243.10091699953773,34.0
1609860153,111,GET,/files/view/100000000KB?id=40,6.600000,6.600000,47,59,67,68,77,88,110,230,230,230,230,83,83,47,46.93700402397126,3.2310360002156813,229.42972399869177,34.0
1609860153,111,GET,/files/view/100000000KB?id=41,6.600000,6.600000,43,56,61,63,82,97,200,200,200,200,200,82,82,43,46.414584731792274,3.0066680010349955,200.55977499941946,34.0
1609860153,111,GET,/files/view/100000000KB?id=42,6.500000,6.500000,51,66,71,74,97,130,220,260,260,260,260,82,82,48,54.87980186575353,3.6867869985144353,263.08404699921084,34.0
1609860153,111,GET,/files/view/100000000KB?id=43,6.500000,6.500000,44,55,59,62,71,100,110,150,150,150,150,81,81,44,43.8463339751813,3.4591939984238707,149.69613399989612,34.0
1609860153,111,GET,/files/view/100000000KB?id=44,6.400000,6.400000,47,63,68,70,86,110,220,250,250,250,250,81,81,47,53.33142764197593,4.163431000051787,249.22877599965432,34.0
1609860153,111,GET,/files/view/100000000KB?id=45,6.400000,6.400000,46,56,61,67,77,95,100,120,120,120,120,80,80,45,43.9390156000627,4.165604999798234,119.94432500068797,34.0
1609860153,111,GET,/files/view/100000000KB?id=46,6.300000,6.300000,49,60,68,70,98,110,120,230,230,230,230,80,80,48,48.66684011249163,3.1010429993330035,228.1224630005454,34.0
1609860153,111,GET,/files/view/100000000KB?id=47,6.200000,6.200000,46,57,63,71,86,110,210,210,210,210,210,80,80,46,49.004773874980856,2.7216609996685293,210.32738800022344,34.0
1609860153,111,GET,/files/view/100000000KB?id=48,6.200000,6.200000,49,62,69,72,80,100,210,220,220,220,220,80,80,44,50.48404100002699,2.7282150003884453,221.88801599986618,34.0
1609860153,111,GET,/files/view/100000000KB?id=49,6.200000,6.200000,45,56,59,64,96,110,190,200,200,200,200,78,78,44,47.413167410316724,2.718673998970189,199.43713299835508,34.0
1609860153,111,GET,/files/view/100000000KB?id=5,8.300000,8.300000,41,58,68,73,95,120,190,200,230,230,230,114,114,38,48.919037543830775,2.317804999620421,228.121017000376,34.0
1609860153,111,GET,/files/view/100000000KB?id=50,6.100000,6.100000,49,61,69,72,95,100,230,250,250,250,250,78,78,46,51.84994852548605,3.174155001033796,247.91758500032302,34.0
1609860153,111,GET,/files/view/100000000KB?id=51,6.100000,6.100000,45,56,60,65,98,110,180,190,190,190,190,77,77,45,48.25680512984437,3.1409170005645137,191.7423750001035,34.0
1609860153,111,GET,/files/view/100000000KB?id=52,6.100000,6.100000,48,63,69,77,99,160,220,220,220,220,220,76,76,47,54.120068815982926,2.7701090002665296,222.16047800066008,34.0
1609860153,111,GET,/files/view/100000000KB?id=53,6.100000,6.100000,48,57,62,64,86,95,96,100,100,100,100,76,76,41,44.199904907959294,2.8101030002289917,103.06135199971322,34.0
1609860153,111,GET,/files/view/100000000KB?id=54,6.000000,6.000000,47,61,67,70,85,110,150,220,220,220,220,76,76,46,49.77691405268783,2.849403001164319,222.06670800005668,34.0
1609860153,111,GET,/files/view/100000000KB?id=55,6.000000,6.000000,43,57,65,70,97,110,230,230,230,230,230,76,76,42,49.439930118392354,2.769142000033753,233.78417000094487,34.0
1609860153,111,GET,/files/view/100000000KB?id=56,5.900000,5.900000,44,60,66,68,93,110,150,260,260,260,260,74,74,44,49.23122417565881,2.8773449994332623,256.9925210009387,34.0
1609860153,111,GET,/files/view/100000000KB?id=57,5.900000,5.900000,42,56,59,61,70,90,97,110,110,110,110,73,73,42,42.45983893152909,3.121794001344824,106.45664900039264,34.0
1609860153,111,GET,/files/view/100000000KB?id=58,5.800000,5.800000,50,66,71,75,91,220,260,260,260,260,260,73,73,50,57.93623165753734,3.119958999377559,255.7246930009569,34.0
1609860153,111,GET,/files/view/100000000KB?id=59,5.800000,5.800000,41,55,62,64,70,94,100,100,100,100,100,72,72,40,42.32914343050551,3.362992998518166,102.15574599897081,34.0
1609860153,111,GET,/files/view/100000000KB?id=6,8.200000,8.200000,51,65,72,76,97,110,120,220,280,280,280,113,113,51,54.11726299995135,1.8178899990743957,276.4156550001644,34.0
1609860153,111,GET,/files/view/100000000KB?id=60,5.800000,5.800000,44,58,65,69,91,110,210,220,220,220,220,72,72,44,51.502312736071566,2.7286040003673406,217.7417439997953,34.0
1609860153,111,GET,/files/view/100000000KB?id=61,5.800000,5.800000,45,58,65,66,77,100,110,120,120,120,120,72,72,44,45.531892763948335,2.6739990007627057,115.59719600154494,34.0
1609860153,111,GET,/files/view/100000000KB?id=62,5.800000,5.800000,47,61,64,67,81,100,150,210,210,210,210,71,71,47,48.890723732333306,2.9263129999890225,214.5819859997573,34.0
1609860153,111,GET,/files/view/100000000KB?id=63,5.800000,5.800000,43,58,64,71,89,100,210,220,220,220,220,70,70,41,48.598842871407605,2.7992279992758995,216.30057699985628,34.0
1609860153,111,GET,/files/view/100000000KB?id=64,5.600000,5.600000,46,60,65,71,90,110,120,210,210,210,210,70,70,46,48.12706897139703,2.788646999761113,213.02105799986748,34.0
1609860153,111,GET,/files/view/100000000KB?id=65,5.600000,5.600000,43,60,67,68,81,100,190,190,190,190,190,69,69,43,47.74632157966772,2.7051370016124565,194.12834700051462,34.0
1609860153,111,GET,/files/view/100000000KB?id=66,5.500000,5.500000,48,62,68,81,99,110,210,250,250,250,250,69,69,48,52.650684608638784,2.9683860011573415,249.74148100045568,34.0
1609860153,111,GET,/files/view/100000000KB?id=67,5.500000,5.500000,42,56,61,65,72,96,100,110,110,110,110,69,69,42,43.65069621749369,3.1010930015327176,105.15211500023725,34.0
1609860153,111,GET,/files/view/100000000KB?id=68,5.500000,5.500000,44,62,67,77,87,110,120,190,190,190,190,69,69,44,48.64472988402417,3.0672180000692606,192.67681100063783,34.0
1609860153,111,GET,/files/view/100000000KB?id=69,5.400000,5.400000,47,60,65,70,85,100,190,240,240,240,240,68,68,47,51.1490097500267,2.7970149985776516,236.35951300093438,34.0
1609860153,111,GET,/files/view/100000000KB?id=7,8.200000,8.200000,38,55,67,77,100,100,110,120,210,210,210,111,111,38,46.360328342301614,1.832121999541414,207.26823800032435,34.0
1609860153,111,GET,/files/view/100000000KB?id=70,5.400000,5.400000,49,57,65,66,76,84,120,210,210,210,210,67,67,49,46.97346779102557,3.4219520002807258,206.75539399962872,34.0
1609860153,111,GET,/files/view/100000000KB?id=71,5.400000,5.400000,48,56,63,63,79,85,100,210,210,210,210,66,66,46,45.51446036359928,4.0923639990069205,212.78172399979667,34.0
1609860153,111,GET,/files/view/100000000KB?id=72,5.300000,5.300000,46,58,68,71,84,100,150,220,220,220,220,66,66,43,49.02736842422834,3.617547999965609,215.07586000006995,34.0
1609860153,111,GET,/files/view/100000000KB?id=73,5.300000,5.300000,43,60,66,73,95,100,200,240,240,240,240,66,66,43,50.33181407573769,3.987867001342238,240.10323699985747,34.0
1609860153,111,GET,/files/view/100000000KB?id=74,5.300000,5.300000,50,54,61,67,78,91,95,250,250,250,250,65,65,50,46.92903023074345,5.3435359986906406,253.3771490016079,34.0
1609860153,111,GET,/files/view/100000000KB?id=75,5.200000,5.200000,45,57,65,68,90,110,120,200,200,200,200,65,65,45,48.18004592312858,4.05263799984823,200.82552400162967,34.0
1609860153,111,GET,/files/view/100000000KB?id=76,5.200000,5.200000,48,56,65,69,84,99,100,210,210,210,210,65,65,48,48.11571401548393,5.358602000342216,210.2510570002778,34.0
1609860153,111,GET,/files/view/100000000KB?id=77,5.000000,5.000000,43,61,67,70,81,110,200,240,240,240,240,64,64,42,50.007060390640845,3.5879779989045346,244.82302100113884,34.0
1609860153,111,GET,/files/view/100000000KB?id=78,5.000000,5.000000,49,57,66,70,78,96,130,190,190,190,190,64,64,49,47.436233031049824,5.704676999812364,190.02617600017402,34.0
1609860153,111,GET,/files/view/100000000KB?id=79,5.000000,5.000000,46,60,69,79,100,110,220,260,260,260,260,64,64,45,52.80707334389945,3.9228660007211147,259.82850800028245,34.0
1609860153,111,GET,/files/view/100000000KB?id=8,8.100000,8.100000,51,63,69,72,96,110,210,230,250,250,250,110,110,51,54.085821645557274,1.7368369990435895,250.5993609993311,34.0
1609860153,111,GET,/files/view/100000000KB?id=80,4.900000,4.900000,47,59,66,69,83,100,120,170,170,170,170,63,63,47,48.36070042859767,5.020550999688567,166.61286000089603,34.0
1609860153,111,GET,/files/view/100000000KB?id=81,4.900000,4.900000,47,58,67,73,80,100,130,200,200,200,200,62,62,44,48.81413669362143,3.85997800003679,198.01737300076638,34.0
1609860153,111,GET,/files/view/100000000KB?id=82,4.900000,4.900000,47,64,79,82,100,160,220,250,250,250,250,62,62,46,57.241960467851435,5.544469000597019,246.4695179987757,34.0
1609860153,111,GET,/files/view/100000000KB?id=83,4.800000,4.800000,44,58,63,66,79,95,100,110,110,110,110,62,62,44,45.409465709781216,4.127063999476377,106.27626600035,34.0
1609860153,111,GET,/files/view/100000000KB?id=84,4.800000,4.800000,46,57,65,67,76,94,100,250,250,250,250,62,62,46,47.305046483767995,5.001862999051809,252.4493380005879,34.0
1609860153,111,GET,/files/view/100000000KB?id=85,4.800000,4.800000,47,63,66,71,90,98,220,260,260,260,260,61,61,47,51.720566213097314,3.429620999668259,257.0600680010102,34.0
1609860153,111,GET,/files/view/100000000KB?id=86,4.700000,4.700000,48,59,67,70,100,110,190,260,260,260,260,61,61,48,51.986833524559366,4.878215000644559,257.04835900069156,34.0
1609860153,111,GET,/files/view/100000000KB?id=87,4.700000,4.700000,49,61,70,71,100,110,120,190,190,190,190,60,60,49,49.89066231701145,3.5497950011631474,192.1141050006554,34.0
1609860153,111,GET,/files/view/100000000KB?id=88,4.600000,4.600000,46,60,71,74,95,99,200,240,240,240,240,60,60,45,51.30993494998014,4.6907520008971915,239.74688300040725,34.0
1609860153,111,GET,/files/view/100000000KB?id=89,4.600000,4.600000,46,59,69,73,100,110,110,250,250,250,250,60,60,46,50.23850179989798,3.5613410000223666,254.47801899827027,34.0
1609860153,111,GET,/files/view/100000000KB?id=9,8.100000,8.100000,38,57,68,71,93,110,110,180,200,200,200,107,107,38,46.26596244851728,1.5546400009043282,196.91690600120637,34.0
1609860153,111,GET,/files/view/100000000KB?id=90,4.600000,4.600000,48,62,67,75,100,210,220,240,240,240,240,59,59,48,54.83615257638784,5.254937999779941,238.65953200038348,34.0
1609860153,111,GET,/files/view/100000000KB?id=91,4.500000,4.500000,46,60,67,71,85,98,200,210,210,210,210,58,58,46,49.93170627601322,4.1562879996490665,211.20429000075092,34.0
1609860153,111,GET,/files/view/100000000KB?id=92,4.500000,4.500000,50,60,66,72,95,110,120,180,180,180,180,58,58,47,49.35289651721491,5.796561999886762,183.60151700107963,34.0
1609860153,111,GET,/files/view/100000000KB?id=93,4.400000,4.400000,47,61,65,75,100,120,150,240,240,240,240,57,57,47,51.53862252627094,4.88313000096241,242.94891399949847,34.0
1609860153,111,GET,/files/view/100000000KB?id=94,4.500000,4.500000,44,60,65,67,86,100,100,110,110,110,110,57,57,44,46.46100514024479,6.865717999971821,110.99612599900865,34.0
1609860153,111,GET,/files/view/100000000KB?id=95,4.500000,4.500000,48,61,67,88,110,210,210,260,260,260,260,57,57,48,59.69383678948042,5.060886000137543,261.61285800117184,34.0
1609860153,111,GET,/files/view/100000000KB?id=96,4.400000,4.400000,43,53,63,66,91,96,100,100,100,100,100,56,56,42,45.41303521429135,6.133435999799985,104.94482100148161,34.0
1609860153,111,GET,/files/view/100000000KB?id=97,4.400000,4.400000,49,57,64,66,76,92,98,120,120,120,120,56,56,48,45.326580357206176,5.10438899982546,122.94577199827472,34.0
1609860153,111,GET,/files/view/100000000KB?id=98,4.400000,4.400000,45,61,65,73,100,130,210,210,210,210,210,55,55,45,52.393543836296885,5.919146000451292,208.8698959996691,34.0
1609860153,111,GET,/files/view/100000000KB?id=99,4.300000,4.300000,48,59,63,76,98,110,220,240,240,240,240,55,55,48,52.436514290920144,5.610477999653085,237.86034700060554,34.0
1609860153,111,,Aggregated,627.000000,627.000000,45,59,66,71,92,110,200,220,290,470,470,8026,8026,45,49.97471504559168,1.5546400009043282,469.23561100084044,34.0
1609860154,120,GET,/files/view/100000000KB?id=0,8.600000,8.600000,88,120,160,250,290,430,510,540,540,540,540,132,132,85,130.49615696197426,4.052174001117237,541.0212980004871,34.0
1609860154,120,GET,/files/view/100000000KB?id=1,8.500000,8.500000,41,60,90,93,110,150,200,270,270,270,270,131,131,41,55.5672299160228,2.3377779998554615,274.9269070009177,34.0
1609860154,120,GET,/files/view/100000000KB?id=10,7.700000,7.700000,55,68,82,99,110,130,230,290,290,290,290,120,120,55,63.31459920000574,1.569210000525345,289.5959629986464,34.0
1609860154,120,GET,/files/view/100000000KB?id=11,7.700000,7.700000,44,64,82,91,110,110,130,150,150,150,150,119,119,44,51.47696385704746,1.8797270004142774,147.7897459990345,34.0
1609860154,120,GET,/files/view/100000000KB?id=12,7.700000,7.700000,56,71,77,94,120,190,210,230,290,290,290,117,117,56,63.64315651282797,1.6054850002547028,288.306188000206,34.0
1609860154,120,GET,/files/view/100000000KB?id=13,7.600000,7.600000,45,60,72,83,110,110,130,150,290,290,290,116,116,45,51.889142017161845,1.5914809991954826,291.0359170000447,34.0
1609860154,120,GET,/files/view/100000000KB?id=14,7.500000,7.500000,53,71,77,89,110,130,280,280,280,280,280,114,114,51,61.62560500878929,1.5577650010527577,284.2089899986604,34.0
1609860154,120,GET,/files/view/100000000KB?id=15,7.500000,7.500000,45,60,72,81,100,120,150,220,240,240,240,113,113,45,52.160646336096356,2.0813089995499467,236.62170200077526,34.0
1609860154,120,GET,/files/view/100000000KB?id=16,7.500000,7.500000,54,66,72,77,100,110,190,210,230,230,230,111,111,54,57.54460493687827,1.6122630004247185,231.50629100018705,34.0
1609860154,120,GET,/files/view/100000000KB?id=17,7.400000,7.400000,44,60,74,82,110,120,260,270,290,290,290,111,111,44,55.66922227020162,2.9126139997970313,289.51822300041385,34.0
1609860154,120,GET,/files/view/100000000KB?id=18,7.400000,7.400000,54,67,77,95,110,120,210,220,230,230,230,108,108,53,58.40238525007845,2.3195170015242184,225.48896599982982,34.0
1609860154,120,GET,/files/view/100000000KB?id=19,7.300000,7.300000,44,58,66,75,99,110,130,130,260,260,260,106,106,43,49.654947377365595,2.520300000469433,260.1538270009769,34.0
1609860154,120,GET,/files/view/100000000KB?id=2,8.300000,8.300000,61,73,83,92,110,130,220,280,300,300,300,129,129,61,64.1925059225068,2.0684060000348836,295.7348189993354,34.0
1609860154,120,GET,/files/view/100000000KB?id=20,7.300000,7.300000,55,66,71,77,110,130,190,210,240,240,240,105,105,55,57.343709942835545,2.2851209996588295,238.09355800040066,34.0
1609860154,120,GET,/files/view/100000000KB?id=21,7.300000,7.300000,43,57,72,81,110,110,150,210,290,290,290,105,105,43,52.38769199053682,2.618964999783202,288.22410000066156,34.0
1609860154,120,GET,/files/view/100000000KB?id=22,7.200000,7.200000,53,69,75,87,100,120,230,270,280,280,280,103,103,53,59.08981793201517,2.763896000033128,283.9386180003203,34.0
1609860154,120,GET,/files/view/100000000KB?id=23,7.100000,7.100000,43,55,64,76,100,110,120,120,200,200,200,102,102,43,48.424888617648996,2.5144379997072974,200.44331399913062,34.0
1609860154,120,GET,/files/view/100000000KB?id=24,7.200000,7.200000,55,67,72,79,110,130,230,240,290,290,290,101,101,55,60.04834324744254,2.038000999164069,287.0971100001043,34.0
1609860154,120,GET,/files/view/100000000KB?id=25,7.100000,7.100000,44,56,64,75,99,110,120,150,150,150,150,100,100,44,47.73996595009521,1.6844250003487105,150.93661399987468,34.0
1609860154,120,GET,/files/view/100000000KB?id=26,7.100000,7.100000,47,64,74,80,110,130,230,240,240,240,240,99,99,47,56.11802096958707,1.9461709998722654,241.34627599960368,34.0
1609860154,120,GET,/files/view/100000000KB?id=27,7.100000,7.100000,44,55,65,72,98,110,120,130,130,130,130,97,97,44,47.31474918550055,1.8284600009792484,130.35893400046916,34.0
1609860154,120,GET,/files/view/100000000KB?id=28,6.900000,6.900000,50,65,74,76,110,130,230,240,240,240,240,97,97,50,57.20145686600236,1.8952600003103726,244.98377599957166,34.0
1609860154,120,GET,/files/view/100000000KB?id=29,6.900000,6.900000,47,57,64,73,110,150,260,290,290,290,290,96,96,46,54.61706857295212,1.7679979991953587,294.5532430003368,34.0
1609860154,120,GET,/files/view/100000000KB?id=3,8.200000,8.200000,42,60,71,86,100,130,270,270,280,280,280,128,128,41,53.45918084378809,1.8174300003011012,280.71703200112097,34.0
1609860154,120,GET,/files/view/100000000KB?id=30,6.900000,6.900000,51,64,73,87,97,110,130,210,210,210,210,95,95,51,52.58031841047724,1.834160000726115,206.5866279990587,34.0
1609860154,120,GET,/files/view/100000000KB?id=31,6.800000,6.800000,45,57,67,78,100,110,250,250,250,250,250,94,94,44,52.54716461695352,1.7923369996424299,252.56979900041188,34.0
1609860154,120,GET,/files/view/100000000KB?id=32,6.800000,6.800000,48,65,70,74,94,110,140,160,160,160,160,93,93,48,51.39679676329017,1.6933599999902071,158.24983999846154,34.0
1609860154,120,GET,/files/view/100000000KB?id=33,6.700000,6.700000,46,60,68,71,110,130,190,210,210,210,210,92,92,45,53.79588990219576,1.6972649991657818,206.06115700138616,34.0
1609860154,120,GET,/files/view/100000000KB?id=34,6.700000,6.700000,47,64,72,76,100,100,110,260,260,260,260,91,91,47,51.81321859333196,1.7672119993221713,263.7203079993924,34.0
1609860154,120,GET,/files/view/100000000KB?id=35,6.700000,6.700000,46,56,67,73,100,130,210,280,280,280,280,91,91,46,52.7906258461631,1.900408000437892,281.34466700066696,34.0
1609860154,120,GET,/files/view/100000000KB?id=36,6.700000,6.700000,48,68,74,79,110,140,250,250,250,250,250,91,91,48,58.21220464835338,1.8294969995622523,248.18506900010107,34.0
1609860154,120,GET,/files/view/100000000KB?id=37,6.600000,6.600000,45,58,66,72,100,120,150,200,200,200,200,90,90,44,50.054615233319865,1.7288510007347213,203.01121299962688,34.0
1609860154,120,GET,/files/view/100000000KB?id=38,6.600000,6.600000,53,64,72,79,100,110,200,220,220,220,220,89,89,53,54.26472860667315,2.0172760014247615,224.3139539987169,34.0
1609860154,120,GET,/files/view/100000000KB?id=39,6.500000,6.500000,46,57,63,69,92,100,210,280,280,280,280,88,88,45,49.78560648861606,3.1710209987068083,275.390012000571,34.0
1609860154,120,GET,/files/view/100000000KB?id=4,8.100000,8.100000,54,69,79,90,110,120,150,210,240,240,240,127,127,54,59.46116586617461,1.7901020000863355,243.10091699953773,34.0
1609860154,120,GET,/files/view/100000000KB?id=40,6.400000,6.400000,48,63,68,72,100,110,130,230,230,230,230,88,88,48,50.85516247715366,3.2310360002156813,229.42972399869177,34.0
1609860154,120,GET,/files/view/100000000KB?id=41,6.300000,6.300000,47,58,63,71,97,120,200,280,280,280,280,87,87,47,51.72358668976646,3.0066680010349955,276.8889050003054,34.0
1609860154,120,GET,/files/view/100000000KB?id=42,6.300000,6.300000,52,67,74,78,110,130,220,260,260,260,260,87,87,52,57.86894266660464,3.6867869985144353,263.08404699921084,34.0
1609860154,120,GET,/files/view/100000000KB?id=43,6.300000,6.300000,46,58,62,69,100,110,130,150,150,150,150,87,87,46,48.385722252773455,3.4591939984238707,149.69613399989612,34.0
1609860154,120,GET,/files/view/100000000KB?id=44,6.200000,6.200000,52,65,70,75,110,120,220,250,250,250,250,86,86,51,56.67967713953806,4.163431000051787,249.22877599965432,34.0
1609860154,120,GET,/files/view/100000000KB?id=45,6.200000,6.200000,48,60,66,71,94,100,120,140,140,140,140,85,85,48,48.06068731773206,4.165604999798234,144.16640899980848,34.0
1609860154,120,GET,/files/view/100000000KB?id=46,6.200000,6.200000,50,62,69,72,100,110,130,230,230,230,230,84,84,49,51.73425638094202,3.1010429993330035,228.1224630005454,34.0
1609860154,120,GET,/files/view/100000000KB?id=47,6.200000,6.200000,48,60,70,82,100,110,210,210,210,210,210,84,84,47,51.62021101187704,2.7216609996685293,210.32738800022344,34.0
1609860154,120,GET,/files/view/100000000KB?id=48,6.100000,6.100000,49,64,71,73,98,110,210,220,220,220,220,84,84,49,53.37701279763895,2.7282150003884453,221.88801599986618,34.0
1609860154,120,GET,/files/view/100000000KB?id=49,6.100000,6.100000,47,57,64,73,100,120,290,300,300,300,300,83,83,47,55.488913409705226,2.718673998970189,298.67935400034185,34.0
1609860154,120,GET,/files/view/100000000KB?id=5,8.100000,8.100000,43,66,74,91,110,120,200,230,290,290,290,125,125,43,55.31604119198164,2.317804999620421,293.3801790004509,34.0
1609860154,120,GET,/files/view/100000000KB?id=50,6.000000,6.000000,50,67,72,79,99,100,230,250,250,250,250,83,83,50,54.861331614328186,3.174155001033796,247.91758500032302,34.0
1609860154,120,GET,/files/view/100000000KB?id=51,6.000000,6.000000,51,58,65,70,110,120,180,190,190,190,190,82,82,50,52.58271735362164,3.1409170005645137,191.7423750001035,34.0
1609860154,120,GET,/files/view/100000000KB?id=52,5.900000,5.900000,49,64,77,89,100,160,220,290,290,290,290,81,81,49,59.161598629801986,2.7701090002665296,286.81189000053564,34.0
1609860154,120,GET,/files/view/100000000KB?id=53,5.900000,5.900000,50,59,64,69,95,100,120,130,130,130,130,81,81,50,48.72662075310618,2.8101030002289917,130.8213229985995,34.0
1609860154,120,GET,/files/view/100000000KB?id=54,5.800000,5.800000,48,62,70,78,100,110,150,220,220,220,220,80,80,47,52.55426988755971,2.849403001164319,222.06670800005668,34.0
1609860154,120,GET,/files/view/100000000KB?id=55,5.700000,5.700000,45,60,70,82,110,120,230,230,230,230,230,80,80,43,52.906830350002565,2.769142000033753,233.78417000094487,34.0
1609860154,120,GET,/files/view/100000000KB?id=56,5.800000,5.800000,48,65,70,76,110,140,260,280,280,280,280,80,80,47,56.009481724981924,2.8773449994332623,281.5803430003143,34.0
1609860154,120,GET,/files/view/100000000KB?id=57,5.800000,5.800000,45,58,62,68,97,110,110,280,280,280,280,79,79,45,49.730255177242334,3.121794001344824,280.425816999923,34.0
1609860154,120,GET,/files/view/100000000KB?id=58,5.700000,5.700000,52,70,75,88,100,220,260,260,260,260,260,79,79,52,61.2567986708764,3.119958999377559,255.7246930009569,34.0
1609860154,120,GET,/files/view/100000000KB?id=59,5.600000,5.600000,43,60,64,68,98,120,120,140,140,140,140,78,78,43,48.00248847431458,3.362992998518166,137.81956999991962,34.0
1609860154,120,GET,/files/view/100000000KB?id=6,8.100000,8.100000,53,72,77,86,110,120,220,280,290,290,290,124,124,53,61.04807880643831,1.8178899990743957,292.38228000031086,34.0
1609860154,120,GET,/files/view/100000000KB?id=60,5.600000,5.600000,50,63,69,76,110,120,210,220,220,220,220,77,77,50,55.277382740219856,2.7286040003673406,217.7417439997953,34.0
1609860154,120,GET,/files/view/100000000KB?id=61,5.600000,5.600000,46,62,66,69,100,110,120,130,130,130,130,76,76,45,49.00862681587999,2.6739990007627057,125.12127500122006,34.0
1609860154,120,GET,/files/view/100000000KB?id=62,5.500000,5.500000,51,63,68,73,100,120,210,270,270,270,270,76,76,50,54.92215377626053,2.9263129999890225,269.0947560004133,34.0
1609860154,120,GET,/files/view/100000000KB?id=63,5.500000,5.500000,46,63,72,77,100,130,220,280,280,280,280,76,76,45,55.660852065796604,2.7992279992758995,277.46412500164297,34.0
1609860154,120,GET,/files/view/100000000KB?id=64,5.500000,5.500000,49,63,72,75,110,110,150,210,210,210,210,76,76,47,53.36020521046617,2.788646999761113,213.02105799986748,34.0
1609860154,120,GET,/files/view/100000000KB?id=65,5.500000,5.500000,45,62,68,74,98,120,190,270,270,270,270,74,74,44,53.733670108109386,2.7051370016124565,274.1276700016897,34.0
1609860154,120,GET,/files/view/100000000KB?id=66,5.400000,5.400000,50,65,80,83,110,110,210,250,250,250,250,73,73,50,55.75180165745734,2.9683860011573415,249.74148100045568,34.0
1609860154,120,GET,/files/view/100000000KB?id=67,5.300000,5.300000,45,59,63,67,96,110,110,130,130,130,130,73,73,45,47.36728206857874,3.1010930015327176,125.48977400001604,34.0
1609860154,120,GET,/files/view/100000000KB?id=68,5.300000,5.300000,47,63,75,77,98,110,120,190,190,190,190,72,72,47,51.200534777763096,3.0672180000692606,192.67681100063783,34.0
1609860154,120,GET,/files/view/100000000KB?id=69,5.400000,5.400000,55,63,70,73,100,170,240,260,260,260,260,72,72,48,56.3859048194849,2.7970149985776516,263.48634799978754,34.0
1609860154,120,GET,/files/view/100000000KB?id=7,8.000000,8.000000,43,65,89,95,110,110,210,280,300,300,300,124,124,43,56.00667049998998,1.832121999541414,296.8944120002561,34.0
1609860154,120,GET,/files/view/100000000KB?id=70,5.300000,5.300000,51,60,66,73,84,120,210,290,290,290,290,72,72,50,53.32850502777041,3.4219520002807258,292.10741499991855,34.0
1609860154,120,GET,/files/view/100000000KB?id=71,5.300000,5.300000,50,59,67,72,96,120,210,280,280,280,280,72,72,49,53.08688143049444,4.0923639990069205,282.8962669991597,34.0
1609860154,120,GET,/files/view/100000000KB?id=72,5.300000,5.300000,49,65,72,83,100,110,150,220,220,220,220,71,71,49,53.0651949859123,3.617547999965609,215.07586000006995,34.0
1609860154,120,GET,/files/view/100000000KB?id=73,5.200000,5.200000,47,60,73,77,100,110,200,240,240,240,240,70,70,45,53.6583268571381,3.987867001342238,240.10323699985747,34.0
1609860154,120,GET,/files/view/100000000KB?id=74,5.200000,5.200000,51,59,67,75,95,120,150,250,250,250,250,70,70,51,52.39169551426,5.3435359986906406,253.3771490016079,34.0
1609860154,120,GET,/files/view/100000000KB?id=75,5.100000,5.100000,47,63,66,77,110,110,120,200,200,200,200,69,69,47,51.47075902905139,4.05263799984823,200.82552400162967,34.0
1609860154,120,GET,/files/view/100000000KB?id=76,5.000000,5.000000,50,62,68,73,99,110,130,210,210,210,210,69,69,50,51.93106604354503,5.358602000342216,210.2510570002778,34.0
1609860154,120,GET,/files/view/100000000KB?id=77,5.000000,5.000000,45,66,70,78,100,120,240,290,290,290,290,69,69,45,56.144347028959494,3.5879779989045346,290.817221000907,34.0
1609860154,120,GET,/files/view/100000000KB?id=78,4.900000,4.900000,52,62,70,73,98,110,150,190,190,190,190,69,69,52,52.35395344910406,5.704676999812364,190.02617600017402,34.0
1609860154,120,GET,/files/view/100000000KB?id=79,4.900000,4.900000,46,62,78,81,110,120,220,260,260,260,260,67,67,46,55.62852276133486,3.9228660007211147,259.82850800028245,34.0
1609860154,120,GET,/files/view/100000000KB?id=8,7.900000,7.900000,56,67,73,84,110,130,230,250,260,260,260,122,122,56,60.82719153289604,1.7368369990435895,263.3197470004234,34.0
1609860154,120,GET,/files/view/100000000KB?id=80,4.900000,4.900000,49,59,67,69,100,120,170,280,280,280,280,66,66,47,54.0212485909499,5.020550999688567,279.0502280004148,34.0
1609860154,120,GET,/files/view/100000000KB?id=81,4.800000,4.800000,48,62,73,76,110,130,200,280,280,280,280,66,66,48,55.90000984857673,3.85997800003679,281.28372600076545,34.0
1609860154,120,GET,/files/view/100000000KB?id=82,4.900000,4.900000,53,67,80,94,110,160,220,250,250,250,250,65,65,53,59.35780461547368,5.544469000597019,246.4695179987757,34.0
1609860154,120,GET,/files/view/100000000KB?id=83,4.800000,4.800000,47,59,65,70,95,110,110,120,120,120,120,65,65,47,48.444287353945235,4.127063999476377,119.78643600014038,34.0
1609860154,120,GET,/files/view/100000000KB?id=84,4.800000,4.800000,47,58,66,69,94,100,110,250,250,250,250,65,65,47,49.86379430755243,5.001862999051809,252.4493380005879,34.0
1609860154,120,GET,/files/view/100000000KB?id=85,4.700000,4.700000,48,65,71,75,110,120,220,260,260,260,260,65,65,48,56.07830624615487,3.429620999668259,257.0600680010102,34.0
1609860154,120,GET,/files/view/100000000KB?id=86,4.700000,4.700000,48,63,70,74,100,110,190,260,260,260,260,64,64,48,54.483758187473086,4.878215000644559,257.04835900069156,34.0
1609860154,120,GET,/files/view/100000000KB?id=87,4.700000,4.700000,51,64,71,75,110,110,140,190,190,190,190,64,64,50,53.84374012533044,3.5497950011631474,192.1141050006554,34.0
1609860154,120,GET,/files/view/100000000KB?id=88,4.700000,4.700000,51,63,74,79,98,110,200,240,240,240,240,64,64,46,54.71038160939656,4.6907520008971915,239.74688300040725,34.0
1609860154,120,GET,/files/view/100000000KB?id=89,4.500000,4.500000,48,61,73,75,100,110,120,250,250,250,250,63,63,48,52.92312123798645,3.5613410000223666,254.47801899827027,34.0
1609860154,120,GET,/files/view/100000000KB?id=9,7.800000,7.800000,45,66,77,84,110,130,200,280,280,280,280,120,120,44,55.59632827489622,1.5546400009043282,277.49277699876984,34.0
1609860154,120,GET,/files/view/100000000KB?id=90,4.400000,4.400000,50,65,75,83,110,140,220,240,240,240,240,63,63,50,58.910982238254896,5.254937999779941,238.65953200038348,34.0
1609860154,120,GET,/files/view/100000000KB?id=91,4.400000,4.400000,49,61,71,79,98,110,200,210,210,210,210,62,62,48,53.60608675821441,4.1562879996490665,211.20429000075092,34.0
1609860154,120,GET,/files/view/100000000KB?id=92,4.400000,4.400000,52,60,72,74,100,110,120,180,180,180,180,62,62,51,52.9818086290341,5.796561999886762,183.60151700107963,34.0
1609860154,120,GET,/files/view/100000000KB?id=93,4.400000,4.400000,49,61,76,87,110,120,240,300,300,300,300,62,62,48,59.09306120963353,4.88313000096241,298.81950600065466,34.0
1609860154,120,GET,/files/view/100000000KB?id=94,4.300000,4.300000,49,63,67,73,97,100,120,130,130,130,130,61,61,49,50.465934868729256,6.865717999971821,128.08027400024002,34.0
1609860154,120,GET,/files/view/100000000KB?id=95,4.300000,4.300000,52,66,79,98,110,210,210,260,260,260,260,61,61,52,62.22331059015247,5.060886000137543,261.61285800117184,34.0
1609860154,120,GET,/files/view/100000000KB?id=96,4.200000,4.200000,49,60,69,78,100,120,130,150,150,150,150,60,60,46,50.75930058334658,6.133435999799985,145.0027199989563,34.0
1609860154,120,GET,/files/view/100000000KB?id=97,4.300000,4.300000,52,62,67,74,98,110,120,140,140,140,140,60,60,51,49.807165916748396,5.10438899982546,139.86429200122075,34.0
1609860154,120,GET,/files/view/100000000KB?id=98,4.300000,4.300000,51,65,74,88,130,210,210,300,300,300,300,60,60,50,61.35128546654111,5.919146000451292,300.72946599830175,34.0
1609860154,120,GET,/files/view/100000000KB?id=99,4.300000,4.300000,52,61,66,82,110,140,220,240,240,240,240,58,58,52,55.73552313794137,5.610477999653085,237.86034700060554,34.0
1609860154,120,,Aggregated,612.200000,612.200000,49,63,72,79,100,120,210,250,380,540,540,8673,8673,49,55.69755456254197,1.5546400009043282,541.0212980004871,34.0
1609860155,129,GET,/files/view/100000000KB?id=0,9.300000,9.300000,96,140,250,280,470,540,560,570,700,700,700,146,146,95,157.57505716421343,4.052174001117237,697.3775060014304,34.0
1609860155,129,GET,/files/view/100000000KB?id=1,9.100000,9.100000,46,83,94,100,130,150,200,270,270,270,270,142,142,45,61.37989642954547,2.3377779998554615,274.9269070009177,34.0
1609860155,129,GET,/files/view/100000000KB?id=10,8.100000,8.100000,58,73,98,100,130,140,290,290,310,310,310,129,129,58,69.18922435661372,1.569210000525345,306.7531080014305,34.0
1609860155,129,GET,/files/view/100000000KB?id=11,8.000000,8.000000,47,72,91,99,110,140,150,150,150,150,150,127,127,47,56.95368467707691,1.8797270004142774,150.58706200034067,34.0
1609860155,129,GET,/files/view/100000000KB?id=12,7.900000,7.900000,59,75,95,110,140,210,270,290,310,310,310,126,126,59,71.457713055578,1.6054850002547028,310.06233999869437,34.0
1609860155,129,GET,/files/view/100000000KB?id=13,7.900000,7.900000,48,65,85,98,110,140,150,150,290,290,290,124,124,48,56.92610891119623,1.5914809991954826,291.0359170000447,34.0
1609860155,129,GET,/files/view/100000000KB?id=14,7.600000,7.600000,57,74,90,110,130,150,280,280,280,280,280,123,123,57,67.10638743902749,1.5577650010527577,284.2089899986604,34.0
1609860155,129,GET,/files/view/100000000KB?id=15,7.600000,7.600000,47,69,82,97,110,140,170,220,240,240,240,122,122,47,58.0416468686903,2.0813089995499467,236.62170200077526,34.0
1609860155,129,GET,/files/view/100000000KB?id=16,7.500000,7.500000,58,71,89,100,120,140,190,210,230,230,230,120,120,58,63.17922187495242,1.6122630004247185,231.50629100018705,34.0
1609860155,129,GET,/files/view/100000000KB?id=17,7.600000,7.600000,47,70,91,100,120,140,260,270,290,290,290,120,120,47,60.89869187494514,2.9126139997970313,289.51822300041385,34.0
1609860155,129,GET,/files/view/100000000KB?id=18,7.400000,7.400000,59,73,98,100,130,150,220,230,310,310,310,120,120,58,67.23193650006276,2.3195170015242184,309.96778500048094,34.0
1609860155,129,GET,/files/view/100000000KB?id=19,7.300000,7.300000,49,64,89,99,130,140,260,310,310,310,310,119,119,49,61.304665554615426,2.520300000469433,314.75097199836455,34.0
1609860155,129,GET,/files/view/100000000KB?id=2,9.100000,9.100000,65,80,94,100,130,150,220,280,300,300,300,141,141,65,69.95654654613175,2.0684060000348836,295.7348189993354,34.0
1609860155,129,GET,/files/view/100000000KB?id=20,7.400000,7.400000,58,69,83,100,130,140,190,210,240,240,240,115,115,58,62.93808225212991,2.2851209996588295,238.09355800040066,34.0
1609860155,129,GET,/files/view/100000000KB?id=21,7.200000,7.200000,48,65,81,100,110,140,150,210,290,290,290,114,114,47,57.52867378953197,2.618964999783202,288.22410000066156,34.0
1609860155,129,GET,/files/view/100000000KB?id=22,7.200000,7.200000,59,73,90,100,110,150,230,270,280,280,280,113,113,59,64.9815282919909,2.763896000033128,283.9386180003203,34.0
1609860155,129,GET,/files/view/100000000KB?id=23,7.200000,7.200000,46,61,78,95,110,140,150,200,310,310,310,112,112,45,56.84951581252205,2.5144379997072974,306.7602060000354,34.0
1609860155,129,GET,/files/view/100000000KB?id=24,7.200000,7.200000,60,71,95,100,110,150,230,240,290,290,290,111,111,60,65.78628790080361,2.038000999164069,287.0971100001043,34.0
1609860155,129,GET,/files/view/100000000KB?id=25,7.000000,7.000000,47,62,80,94,110,120,150,150,180,180,180,110,110,46,54.69107170007522,1.6844250003487105,184.8686749999615,34.0
1609860155,129,GET,/files/view/100000000KB?id=26,6.900000,6.900000,56,70,81,100,120,140,220,230,240,240,240,109,109,56,61.92701795407629,1.9461709998722654,241.34627599960368,34.0
1609860155,129,GET,/files/view/100000000KB?id=27,7.000000,7.000000,49,62,76,82,110,130,140,140,150,150,150,106,106,49,53.67800061313179,1.8284600009792484,148.8463559999218,34.0
1609860155,129,GET,/files/view/100000000KB?id=28,6.900000,6.900000,56,72,77,95,110,130,220,230,240,240,240,104,104,55,60.70178394233713,1.8952600003103726,244.98377599957166,34.0
1609860155,129,GET,/files/view/100000000KB?id=29,6.900000,6.900000,50,60,76,96,110,140,240,260,290,290,290,103,103,50,58.42977469905395,1.7679979991953587,294.5532430003368,34.0
1609860155,129,GET,/files/view/100000000KB?id=3,9.000000,9.000000,45,69,91,100,130,140,270,270,280,280,280,140,140,44,59.75633152858271,1.8174300003011012,280.71703200112097,34.0
1609860155,129,GET,/files/view/100000000KB?id=30,6.900000,6.900000,56,69,88,95,100,110,130,150,210,210,210,103,103,56,56.99235077663969,1.834160000726115,206.5866279990587,34.0
1609860155,129,GET,/files/view/100000000KB?id=31,6.800000,6.800000,47,62,85,99,110,130,200,250,250,250,250,103,103,47,58.37828400967958,1.7923369996424299,252.56979900041188,34.0
1609860155,129,GET,/files/view/100000000KB?id=32,6.700000,6.700000,55,68,80,92,110,140,150,160,270,270,270,102,102,52,58.912387656752855,1.6933599999902071,271.22874400083674,34.0
1609860155,129,GET,/files/view/100000000KB?id=33,6.600000,6.600000,48,65,77,100,120,140,190,190,210,210,210,101,101,48,59.753802019744995,1.6972649991657818,206.06115700138616,34.0
1609860155,129,GET,/files/view/100000000KB?id=34,6.600000,6.600000,51,71,84,98,110,140,150,260,260,260,260,100,100,51,58.39828881995345,1.7672119993221713,263.7203079993924,34.0
1609860155,129,GET,/files/view/100000000KB?id=35,6.700000,6.700000,47,64,73,96,110,140,210,280,280,280,280,98,98,46,57.61805958159779,1.900408000437892,281.34466700066696,34.0
1609860155,129,GET,/files/view/100000000KB?id=36,6.600000,6.600000,50,70,79,93,120,140,250,250,250,250,250,96,96,49,61.875907989607036,1.8294969995622523,248.18506900010107,34.0
1609860155,129,GET,/files/view/100000000KB?id=37,6.600000,6.600000,50,60,72,89,120,150,180,200,200,200,200,96,96,47,56.04792853123778,1.7288510007347213,203.01121299962688,34.0
1609860155,129,GET,/files/view/100000000KB?id=38,6.500000,6.500000,55,67,79,93,110,140,200,220,220,220,220,95,95,55,59.184803347307025,2.0172760014247615,224.3139539987169,34.0
1609860155,129,GET,/files/view/100000000KB?id=39,6.400000,6.400000,47,58,68,74,100,140,210,280,280,280,280,93,93,47,54.7499772472938,3.1710209987068083,275.390012000571,34.0
1609860155,129,GET,/files/view/100000000KB?id=4,8.800000,8.800000,55,75,91,100,120,140,150,210,240,240,240,138,138,55,64.72603586961918,1.7901020000863355,243.10091699953773,34.0
1609860155,129,GET,/files/view/100000000KB?id=40,6.400000,6.400000,50,65,71,77,110,130,140,230,230,230,230,92,92,49,54.202847217291726,3.2310360002156813,229.42972399869177,34.0
1609860155,129,GET,/files/view/100000000KB?id=41,6.300000,6.300000,47,61,66,82,110,140,200,280,280,280,280,91,91,47,55.24948114293943,3.0066680010349955,276.8889050003054,34.0
1609860155,129,GET,/files/view/100000000KB?id=42,6.300000,6.300000,52,70,77,88,110,150,220,260,260,260,260,91,91,52,60.71908202192299,3.6867869985144353,263.08404699921084,34.0
1609860155,129,GET,/files/view/100000000KB?id=43,6.400000,6.400000,49,59,67,71,110,120,150,150,150,150,150,91,91,49,51.77294051639734,3.4591939984238707,149.69613399989612,34.0
1609860155,129,GET,/files/view/100000000KB?id=44,6.400000,6.400000,53,67,71,86,110,170,220,250,250,250,250,90,90,52,59.925545811125225,4.163431000051787,249.22877599965432,34.0
1609860155,129,GET,/files/view/100000000KB?id=45,6.300000,6.300000,48,60,67,76,100,120,140,140,140,140,140,89,89,48,51.43766475288267,4.165604999798234,144.16640899980848,34.0
1609860155,129,GET,/files/view/100000000KB?id=46,6.200000,6.200000,51,68,72,86,110,120,140,230,230,230,230,89,89,51,55.425270876420136,3.1010429993330035,228.1224630005454,34.0
1609860155,129,GET,/files/view/100000000KB?id=47,6.100000,6.100000,50,63,81,86,110,110,210,210,210,210,210,88,88,48,54.44927242040814,2.7216609996685293,210.32738800022344,34.0
1609860155,129,GET,/files/view/100000000KB?id=48,6.100000,6.100000,53,68,73,77,100,120,210,220,220,220,220,88,88,52,56.15254177273114,2.7282150003884453,221.88801599986618,34.0
1609860155,129,GET,/files/view/100000000KB?id=49,6.000000,6.000000,51,59,73,96,110,140,290,300,300,300,300,88,88,50,59.06953681824234,2.718673998970189,298.67935400034185,34.0
1609860155,129,GET,/files/view/100000000KB?id=5,8.700000,8.700000,45,73,93,100,120,150,200,230,290,290,290,137,137,45,61.6911210730055,2.317804999620421,293.3801790004509,34.0
1609860155,129,GET,/files/view/100000000KB?id=50,6.000000,6.000000,51,69,78,90,100,120,250,310,310,310,310,87,87,51,59.542884574585024,3.174155001033796,312.63121499978297,34.0
1609860155,129,GET,/files/view/100000000KB?id=51,6.100000,6.100000,52,60,68,96,110,130,180,190,190,190,190,86,86,52,55.627127639507854,3.1409170005645137,191.7423750001035,34.0
1609860155,129,GET,/files/view/100000000KB?id=52,6.000000,6.000000,54,69,89,96,110,160,220,290,290,290,290,86,86,53,62.84192009316876,2.7701090002665296,286.81189000053564,34.0
1609860155,129,GET,/files/view/100000000KB?id=53,5.900000,5.900000,52,61,68,86,100,110,130,130,130,130,130,85,85,52,51.581514976479575,2.8101030002289917,134.21816899972328,34.0
1609860155,129,GET,/files/view/100000000KB?id=54,5.800000,5.800000,51,64,73,81,110,110,150,220,220,220,220,84,84,51,55.488215369093396,2.849403001164319,222.06670800005668,34.0
1609860155,129,GET,/files/view/100000000KB?id=55,5.700000,5.700000,51,64,74,93,110,110,230,230,230,230,230,84,84,49,55.35435745237226,2.769142000033753,233.78417000094487,34.0
1609860155,129,GET,/files/view/100000000KB?id=56,5.700000,5.700000,52,66,72,93,110,120,260,280,280,280,280,84,84,50,58.43594666664233,2.8773449994332623,281.5803430003143,34.0
1609860155,129,GET,/files/view/100000000KB?id=57,5.700000,5.700000,52,59,68,81,110,110,270,280,280,280,280,84,84,52,55.93757576192123,3.121794001344824,280.425816999923,34.0
1609860155,129,GET,/files/view/100000000KB?id=58,5.600000,5.600000,56,71,84,93,110,200,260,260,260,260,260,83,83,56,63.8377507228756,3.119958999377559,255.7246930009569,34.0
1609860155,129,GET,/files/view/100000000KB?id=59,5.600000,5.600000,51,62,68,73,100,120,140,270,270,270,270,83,83,51,54.39035919271301,3.362992998518166,269.71543899890094,34.0
1609860155,129,GET,/files/view/100000000KB?id=6,8.500000,8.500000,59,74,95,99,120,150,220,280,290,290,290,136,136,58,66.5262630808657,1.8178899990743957,292.38228000031086,34.0
1609860155,129,GET,/files/view/100000000KB?id=60,5.600000,5.600000,54,65,76,98,110,130,210,220,220,220,220,82,82,51,58.93704382924625,2.7286040003673406,217.7417439997953,34.0
1609860155,129,GET,/files/view/100000000KB?id=61,5.600000,5.600000,52,65,69,77,110,120,140,150,150,150,150,81,81,52,53.850689592685356,2.6739990007627057,145.97234999928332,34.0
1609860155,129,GET,/files/view/100000000KB?id=62,5.500000,5.500000,53,64,73,85,100,140,210,270,270,270,270,80,80,53,57.69227708744893,2.9263129999890225,269.0947560004133,34.0
1609860155,129,GET,/files/view/100000000KB?id=63,5.500000,5.500000,48,64,77,94,110,150,220,280,280,280,280,80,80,46,58.81755906250419,2.7992279992758995,277.46412500164297,34.0
1609860155,129,GET,/files/view/100000000KB?id=64,5.500000,5.500000,51,65,74,90,110,110,150,210,210,210,210,79,79,51,55.22214443030689,2.788646999761113,213.02105799986748,34.0
1609860155,129,GET,/files/view/100000000KB?id=65,5.500000,5.500000,48,68,74,81,110,170,190,270,270,270,270,79,79,48,58.7608015569838,2.7051370016124565,274.1276700016897,34.0
1609860155,129,GET,/files/view/100000000KB?id=66,5.400000,5.400000,53,75,87,99,110,150,210,250,250,250,250,79,79,53,61.33562754425666,2.9683860011573415,249.74148100045568,34.0
1609860155,129,GET,/files/view/100000000KB?id=67,5.300000,5.300000,48,61,67,72,110,130,140,140,140,140,140,78,78,47,52.346177243704844,3.1010930015327176,142.36652100044012,34.0
1609860155,129,GET,/files/view/100000000KB?id=68,5.200000,5.200000,50,67,77,87,110,140,190,280,280,280,280,78,78,49,59.00525283325409,3.0672180000692606,283.8168929993117,34.0
1609860155,129,GET,/files/view/100000000KB?id=69,5.300000,5.300000,55,63,73,85,110,170,240,260,260,260,260,77,77,55,60.41107972735269,2.7970149985776516,263.48634799978754,34.0
1609860155,129,GET,/files/view/100000000KB?id=7,8.300000,8.300000,46,79,100,100,130,140,300,300,310,310,310,135,135,46,64.79078167405397,1.832121999541414,306.7885330001445,34.0
1609860155,129,GET,/files/view/100000000KB?id=70,5.200000,5.200000,52,65,73,76,110,140,210,290,290,290,290,76,76,51,57.451760605257924,3.4219520002807258,292.10741499991855,34.0
1609860155,129,GET,/files/view/100000000KB?id=71,5.200000,5.200000,52,63,71,80,100,140,210,280,280,280,280,75,75,52,56.19539651995486,4.0923639990069205,282.8962669991597,34.0
1609860155,129,GET,/files/view/100000000KB?id=72,5.200000,5.200000,50,68,83,86,110,140,150,220,220,220,220,75,75,50,57.10459851999379,3.617547999965609,215.07586000006995,34.0
1609860155,129,GET,/files/view/100000000KB?id=73,5.200000,5.200000,52,65,75,95,110,130,200,240,240,240,240,74,74,52,57.7054250135326,3.987867001342238,240.10323699985747,34.0
1609860155,129,GET,/files/view/100000000KB?id=74,5.100000,5.100000,53,61,71,78,110,140,150,250,250,250,250,73,73,53,55.66874542465447,5.3435359986906406,253.3771490016079,34.0
1609860155,129,GET,/files/view/100000000KB?id=75,5.100000,5.100000,48,64,72,83,110,110,130,200,200,200,200,72,72,48,54.09260626397049,4.05263799984823,200.82552400162967,34.0
1609860155,129,GET,/files/view/100000000KB?id=76,5.100000,5.100000,52,64,72,76,100,110,130,210,210,210,210,72,72,51,54.22995236118469,5.358602000342216,210.2510570002778,34.0
1609860155,129,GET,/files/view/100000000KB?id=77,5.000000,5.000000,51,66,73,80,100,120,240,290,290,290,290,72,72,50,58.16880036107048,3.5879779989045346,290.817221000907,34.0
1609860155,129,GET,/files/view/100000000KB?id=78,5.000000,5.000000,54,65,72,78,110,110,150,190,190,190,190,72,72,52,54.60683458318272,5.704676999812364,190.02617600017402,34.0
1609860155,129,GET,/files/view/100000000KB?id=79,5.000000,5.000000,48,67,87,100,110,140,220,260,260,260,260,72,72,47,60.17560337510177,3.9228660007211147,259.82850800028245,34.0
1609860155,129,GET,/files/view/100000000KB?id=8,8.300000,8.300000,58,72,91,100,130,150,230,250,260,260,260,132,132,57,66.76385493191253,1.7368369990435895,263.3197470004234,34.0
1609860155,129,GET,/files/view/100000000KB?id=80,5.000000,5.000000,54,64,72,83,110,130,170,280,280,280,280,71,71,54,58.76697012679639,5.020550999688567,279.0502280004148,34.0
1609860155,129,GET,/files/view/100000000KB?id=81,4.900000,4.900000,50,67,76,86,130,150,270,280,280,280,280,71,71,50,63.28933074658214,3.85997800003679,281.28372600076545,34.0
1609860155,129,GET,/files/view/100000000KB?id=82,4.900000,4.900000,57,79,94,100,140,200,250,300,300,300,300,70,70,56,67.40599575722237,5.544469000597019,303.18558200087864,34.0
1609860155,129,GET,/files/view/100000000KB?id=83,4.800000,4.800000,51,62,68,79,110,120,140,140,140,140,140,69,69,51,53.22045639142111,4.127063999476377,144.31678599976294,34.0
1609860155,129,GET,/files/view/100000000KB?id=84,4.800000,4.800000,49,63,69,76,110,140,140,250,250,250,250,69,69,49,54.806275014345665,5.001862999051809,252.4493380005879,34.0
1609860155,129,GET,/files/view/100000000KB?id=85,4.800000,4.800000,53,66,75,92,120,140,220,260,260,260,260,69,69,53,60.5071124057798,3.429620999668259,257.0600680010102,34.0
1609860155,129,GET,/files/view/100000000KB?id=86,4.700000,4.700000,50,65,74,96,110,140,190,260,260,260,260,68,68,48,59.09709251465542,4.878215000644559,257.04835900069156,34.0
1609860155,129,GET,/files/view/100000000KB?id=87,4.600000,4.600000,56,65,74,92,110,120,140,190,190,190,190,67,67,56,56.65688723915516,3.5497950011631474,192.1141050006554,34.0
1609860155,129,GET,/files/view/100000000KB?id=88,4.700000,4.700000,51,63,74,85,99,110,200,240,240,240,240,65,65,51,55.429856292343736,4.6907520008971915,239.74688300040725,34.0
1609860155,129,GET,/files/view/100000000KB?id=89,4.600000,4.600000,50,64,73,77,110,110,170,250,250,250,250,65,65,50,55.63328281529651,3.5613410000223666,254.47801899827027,34.0
1609860155,129,GET,/files/view/100000000KB?id=9,8.200000,8.200000,49,71,90,100,140,150,200,280,280,280,280,130,130,48,62.27108392301419,1.5546400009043282,277.49277699876984,34.0
1609860155,129,GET,/files/view/100000000KB?id=90,4.600000,4.600000,51,66,77,96,120,140,220,240,240,240,240,65,65,51,60.84328430784248,5.254937999779941,238.65953200038348,34.0
1609860155,129,GET,/files/view/100000000KB?id=91,4.600000,4.600000,50,62,76,85,110,140,200,210,210,210,210,65,65,50,57.07609516939556,4.1562879996490665,211.20429000075092,34.0
1609860155,129,GET,/files/view/100000000KB?id=92,4.500000,4.500000,54,64,74,95,100,120,140,180,180,180,180,65,65,54,55.79354504616976,5.796561999886762,183.60151700107963,34.0
1609860155,129,GET,/files/view/100000000KB?id=93,4.500000,4.500000,50,65,85,100,120,140,240,300,300,300,300,65,65,50,61.97386719997247,4.88313000096241,298.81950600065466,34.0
1609860155,129,GET,/files/view/100000000KB?id=94,4.400000,4.400000,51,65,73,89,100,120,140,140,140,140,140,65,65,51,54.78870690757713,6.865717999971821,143.7678700003744,34.0
1609860155,129,GET,/files/view/100000000KB?id=95,4.400000,4.400000,58,67,98,100,110,210,210,260,260,260,260,64,64,54,64.8227534062471,5.060886000137543,261.61285800117184,34.0
1609860155,129,GET,/files/view/100000000KB?id=96,4.300000,4.300000,50,61,71,91,100,120,130,150,150,150,150,63,63,50,53.747353444469766,6.133435999799985,145.0027199989563,34.0
1609860155,129,GET,/files/view/100000000KB?id=97,4.300000,4.300000,53,63,70,76,100,110,120,140,140,140,140,63,63,53,52.518840682577796,5.10438899982546,139.86429200122075,34.0
1609860155,129,GET,/files/view/100000000KB?id=98,4.300000,4.300000,54,65,80,100,120,150,210,300,300,300,300,63,63,54,63.34451958716114,5.919146000451292,300.72946599830175,34.0
1609860155,129,GET,/files/view/100000000KB?id=99,4.400000,4.400000,54,62,82,88,110,140,220,240,240,240,240,62,62,52,60.801470564529744,5.610477999653085,237.86034700060554,34.0
1609860155,129,,Aggregated,619.700000,619.700000,52,67,80,96,110,140,210,270,530,700,700,9284,9284,52,60.98076688161615,1.5546400009043282,697.3775060014304,34.0
1609860156,100,GET,/files/view/100000000KB?id=0,9.500000,9.500000,96,140,270,290,530,560,710,760,770,770,770,158,158,96,172.70835435426272,4.052174001117237,765.1563849995,34.0
1609860156,100,GET,/files/view/100000000KB?id=1,9.200000,9.200000,50,93,100,110,140,170,270,330,330,330,330,158,158,50,70.04021708857917,2.3377779998554615,332.0286380003381,34.0
1609860156,100,GET,/files/view/100000000KB?id=10,8.400000,8.400000,64,89,100,110,140,220,290,300,310,310,310,140,140,63,75.18831512861652,1.569210000525345,306.7531080014305,34.0
1609860156,100,GET,/files/view/100000000KB?id=11,8.100000,8.100000,51,84,100,110,130,150,150,180,350,350,350,139,139,51,64.34212553227658,1.8797270004142774,347.8577799996856,34.0
1609860156,100,GET,/files/view/100000000KB?id=12,8.100000,8.100000,62,80,100,120,140,210,290,310,330,330,330,137,137,62,76.59888737956875,1.6054850002547028,334.26649600005476,34.0
1609860156,100,GET,/files/view/100000000KB?id=13,7.900000,7.900000,51,73,98,110,130,140,160,180,290,290,290,134,134,50,62.54278323870752,1.5914809991954826,291.0359170000447,34.0
1609860156,100,GET,/files/view/100000000KB?id=14,7.700000,7.700000,62,77,110,110,140,150,280,280,330,330,330,134,134,61,72.86088685824909,1.5577650010527577,333.61329900071723,34.0
1609860156,100,GET,/files/view/100000000KB?id=15,7.600000,7.600000,51,73,99,100,120,150,220,240,340,340,340,133,133,51,64.49157993972078,2.0813089995499467,339.81210900128644,34.0
1609860156,100,GET,/files/view/100000000KB?id=16,7.600000,7.600000,62,76,100,100,130,150,230,340,340,340,340,132,132,61,70.99024618181912,1.6122630004247185,338.6972389998846,34.0
1609860156,100,GET,/files/view/100000000KB?id=17,7.500000,7.500000,52,79,100,110,140,140,260,270,290,290,290,130,130,51,65.64497626916888,2.9126139997970313,289.51822300041385,34.0
1609860156,100,GET,/files/view/100000000KB?id=18,7.400000,7.400000,63,86,100,110,130,140,220,230,310,310,310,128,128,63,70.44159700785713,2.3195170015242184,309.96778500048094,34.0
1609860156,100,GET,/files/view/100000000KB?id=19,7.300000,7.300000,51,74,97,100,130,140,260,310,310,310,310,127,127,51,65.63990661416888,2.520300000469433,314.75097199836455,34.0
1609860156,100,GET,/files/view/100000000KB?id=2,9.200000,9.200000,67,91,100,110,140,150,220,300,340,340,340,155,155,67,75.89689352904726,2.0684060000348836,343.27373300038744,34.0
1609860156,100,GET,/files/view/100000000KB?id=20,7.300000,7.300000,61,73,100,110,140,170,240,330,350,350,350,124,124,60,71.21015262900103,2.2851209996588295,346.5547880005033,34.0
1609860156,100,GET,/files/view/100000000KB?id=21,7.100000,7.100000,51,76,100,100,130,140,210,290,340,340,340,123,123,51,64.27567082119651,2.618964999783202,341.0374140003114,34.0
1609860156,100,GET,/files/view/100000000KB?id=22,6.900000,6.900000,63,78,100,110,130,150,270,280,340,340,340,122,122,63,71.24799190977846,2.763896000033128,337.71023100052844,34.0
1609860156,100,GET,/files/view/100000000KB?id=23,7.000000,7.000000,48,72,95,110,130,140,200,310,330,330,330,121,121,48,63.8121071901089,2.5144379997072974,327.5718490003783,34.0
1609860156,100,GET,/files/view/100000000KB?id=24,6.900000,6.900000,61,74,100,110,140,170,230,240,290,290,290,118,118,61,69.81608438973588,2.038000999164069,287.0971100001043,34.0
1609860156,100,GET,/files/view/100000000KB?id=25,6.800000,6.800000,50,68,90,100,110,140,150,180,340,340,340,117,117,50,60.29039421374698,1.6844250003487105,343.66786899954604,34.0
1609860156,100,GET,/files/view/100000000KB?id=26,6.800000,6.800000,60,76,97,100,130,140,230,240,350,350,350,117,117,60,67.26741081193046,1.9461709998722654,348.59413699996367,34.0
1609860156,100,GET,/files/view/100000000KB?id=27,6.600000,6.600000,52,72,95,100,130,140,310,320,350,350,350,117,117,52,64.33313063239945,1.8284600009792484,347.3604639984842,34.0
1609860156,100,GET,/files/view/100000000KB?id=28,6.700000,6.700000,62,75,96,100,130,200,240,340,360,360,360,115,115,62,70.46290146091728,1.8952600003103726,355.02260500106786,34.0
1609860156,100,GET,/files/view/100000000KB?id=29,6.500000,6.500000,53,71,97,110,130,150,260,290,350,350,350,114,114,52,66.48858248247467,1.7679979991953587,350.426733999484,34.0
1609860156,100,GET,/files/view/100000000KB?id=3,9.100000,9.100000,52,78,99,110,130,140,270,280,340,340,340,154,154,52,65.76069264932127,1.8174300003011012,335.5221869987872,34.0
1609860156,100,GET,/files/view/100000000KB?id=30,6.500000,6.500000,62,79,95,100,110,130,140,150,210,210,210,112,112,61,62.19551555350985,1.834160000726115,206.5866279990587,34.0
1609860156,100,GET,/files/view/100000000KB?id=31,6.500000,6.500000,51,71,99,100,110,140,200,250,250,250,250,112,112,50,63.03613599105314,1.7923369996424299,252.56979900041188,34.0
1609860156,100,GET,/files/view/100000000KB?id=32,6.500000,6.500000,63,74,92,99,120,140,160,270,350,350,350,111,111,63,65.22540060346351,1.6933599999902071,353.6396159997821,34.0
1609860156,100,GET,/files/view/100000000KB?id=33,6.300000,6.300000,54,69,100,110,130,160,190,190,210,210,210,109,109,54,64.42654757796043,1.6972649991657818,206.06115700138616,34.0
1609860156,100,GET,/files/view/100000000KB?id=34,6.300000,6.300000,60,76,98,100,110,140,150,260,330,330,330,108,108,59,64.60651681476924,1.7672119993221713,327.0502499999566,34.0
1609860156,100,GET,/files/view/100000000KB?id=35,6.300000,6.300000,50,68,96,100,130,150,280,310,350,350,350,106,106,49,65.79341039621727,1.900408000437892,345.9807830004138,34.0
1609860156,100,GET,/files/view/100000000KB?id=36,6.200000,6.200000,59,75,97,100,130,200,250,300,340,340,340,105,105,59,69.83226954287689,1.8294969995622523,343.2152370005497,34.0
1609860156,100,GET,/files/view/100000000KB?id=37,6.200000,6.200000,51,67,93,100,130,150,150,180,200,200,200,104,104,51,60.72991559611952,1.7288510007347213,203.01121299962688,34.0
1609860156,100,GET,/files/view/100000000KB?id=38,6.200000,6.200000,61,75,93,100,130,140,200,220,340,340,340,103,103,61,65.63386585430547,2.0172760014247615,336.25909900001716,34.0
1609860156,100,GET,/files/view/100000000KB?id=39,6.100000,6.100000,52,66,91,99,140,150,280,300,350,350,350,103,103,52,65.23832425241866,3.1710209987068083,349.07154200118384,34.0
1609860156,100,GET,/files/view/100000000KB?id=4,8.900000,8.900000,65,86,99,110,130,140,210,350,350,350,350,153,153,65,72.03426184319112,1.7901020000863355,346.08106299856445,34.0
1609860156,100,GET,/files/view/100000000KB?id=40,6.100000,6.100000,55,69,84,100,120,130,140,230,340,340,340,103,103,55,62.940790669847615,3.2310360002156813,342.4390990003303,34.0
1609860156,100,GET,/files/view/100000000KB?id=41,6.000000,6.000000,52,65,86,97,130,140,200,280,350,350,350,102,102,50,64.12127351969127,3.0066680010349955,349.78041400063375,34.0
1609860156,100,GET,/files/view/100000000KB?id=42,6.000000,6.000000,59,75,97,100,130,150,220,260,260,260,260,100,100,58,65.85507978994428,3.6867869985144353,263.08404699921084,34.0
1609860156,100,GET,/files/view/100000000KB?id=43,6.000000,6.000000,53,65,92,100,120,140,150,150,150,150,150,100,100,52,57.79901309986599,3.4591939984238707,149.69613399989612,34.0
1609860156,100,GET,/files/view/100000000KB?id=44,5.900000,5.900000,60,68,86,97,120,190,250,340,340,340,340,96,96,56,65.62771473962432,4.163431000051787,338.4462320009334,34.0
1609860156,100,GET,/files/view/100000000KB?id=45,5.900000,5.900000,52,66,77,93,110,140,140,340,340,340,340,96,96,51,58.259004270894366,4.165604999798234,336.14213799955905,34.0
1609860156,100,GET,/files/view/100000000KB?id=46,5.900000,5.900000,53,69,86,100,120,130,150,230,230,230,230,95,95,53,59.58951294736548,3.1010429993330035,228.1224630005454,34.0
1609860156,100,GET,/files/view/100000000KB?id=47,5.800000,5.800000,52,66,84,95,110,140,210,330,330,330,330,93,93,52,60.29809509674388,2.7216609996685293,329.2730240009405,34.0
1609860156,100,GET,/files/view/100000000KB?id=48,5.800000,5.800000,56,69,73,80,110,130,210,220,220,220,220,91,91,56,58.26365661538388,2.7282150003884453,221.88801599986618,34.0
1609860156,100,GET,/files/view/100000000KB?id=49,5.700000,5.700000,51,63,79,97,120,140,290,300,300,300,300,91,91,51,60.986241802271294,2.718673998970189,298.67935400034185,34.0
1609860156,100,GET,/files/view/100000000KB?id=5,8.900000,8.900000,58,90,99,100,130,150,200,290,330,330,330,151,151,58,67.55176729802167,2.317804999620421,332.05192999957944,34.0
1609860156,100,GET,/files/view/100000000KB?id=50,5.700000,5.700000,54,69,83,95,110,130,310,330,330,330,330,90,90,53,64.13359915544181,3.174155001033796,330.0686710008449,34.0
1609860156,100,GET,/files/view/100000000KB?id=51,5.700000,5.700000,53,65,79,100,130,150,180,190,190,190,190,90,90,53,59.56442198888302,3.1409170005645137,191.7423750001035,34.0
1609860156,100,GET,/files/view/100000000KB?id=52,5.800000,5.800000,55,74,93,99,120,160,220,290,290,290,290,88,88,54,64.30029136378256,2.7701090002665296,286.81189000053564,34.0
1609860156,100,GET,/files/view/100000000KB?id=53,5.700000,5.700000,53,63,78,92,100,130,140,320,320,320,320,88,88,53,56.62870084091248,2.8101030002289917,323.50669500010554,34.0
1609860156,100,GET,/files/view/100000000KB?id=54,5.600000,5.600000,55,68,81,98,110,130,220,350,350,350,350,88,88,52,61.58424079549977,2.849403001164319,351.1100539999461,34.0
1609860156,100,GET,/files/view/100000000KB?id=55,5.500000,5.500000,51,65,83,99,110,130,230,230,230,230,230,88,88,51,58.638239272733536,2.769142000033753,233.78417000094487,34.0
1609860156,100,GET,/files/view/100000000KB?id=56,5.400000,5.400000,53,68,93,100,110,140,260,280,280,280,280,88,88,53,61.68106524997215,2.8773449994332623,281.5803430003143,34.0
1609860156,100,GET,/files/view/100000000KB?id=57,5.400000,5.400000,54,61,74,90,110,110,270,280,280,280,280,88,88,53,58.332018715935355,3.121794001344824,280.425816999923,34.0
1609860156,100,GET,/files/view/100000000KB?id=58,5.500000,5.500000,60,74,91,95,110,200,260,260,260,260,260,87,87,60,66.06718941379089,3.119958999377559,255.7246930009569,34.0
1609860156,100,GET,/files/view/100000000KB?id=59,5.500000,5.500000,53,63,70,94,110,140,150,270,270,270,270,86,86,52,56.43826067435564,3.362992998518166,269.71543899890094,34.0
1609860156,100,GET,/files/view/100000000KB?id=6,8.800000,8.800000,66,86,98,110,130,150,280,290,340,340,340,150,150,65,72.15313047995248,1.8178899990743957,337.49721799904364,34.0
1609860156,100,GET,/files/view/100000000KB?id=60,5.300000,5.300000,54,69,91,99,110,140,210,220,220,220,220,86,86,54,61.526480069745915,2.7286040003673406,217.7417439997953,34.0
1609860156,100,GET,/files/view/100000000KB?id=61,5.200000,5.200000,52,66,74,98,110,130,150,300,300,300,300,85,85,52,58.870043364796025,2.6739990007627057,303.55038099878584,34.0
1609860156,100,GET,/files/view/100000000KB?id=62,5.200000,5.200000,55,67,81,95,120,140,270,350,350,350,350,85,85,55,63.61589265875142,2.9263129999890225,351.7519050001283,34.0
1609860156,100,GET,/files/view/100000000KB?id=63,5.200000,5.200000,49,68,85,99,130,140,220,280,280,280,280,83,83,49,61.58543145783731,2.7992279992758995,277.46412500164297,34.0
1609860156,100,GET,/files/view/100000000KB?id=64,5.200000,5.200000,55,66,76,100,110,120,210,330,330,330,330,83,83,55,60.940287373440185,2.788646999761113,334.9973370004591,34.0
1609860156,100,GET,/files/view/100000000KB?id=65,5.200000,5.200000,55,68,81,95,120,150,190,270,270,270,270,83,83,55,61.31400621685666,2.7051370016124565,274.1276700016897,34.0
1609860156,100,GET,/files/view/100000000KB?id=66,5.200000,5.200000,55,80,97,100,110,140,210,250,250,250,250,83,83,55,64.08831343368689,2.9683860011573415,249.74148100045568,34.0
1609860156,100,GET,/files/view/100000000KB?id=67,5.200000,5.200000,51,63,72,94,110,130,140,330,330,330,330,83,83,51,58.33099692781945,3.1010930015327176,333.02444699984335,34.0
1609860156,100,GET,/files/view/100000000KB?id=68,5.100000,5.100000,56,75,87,100,110,140,190,280,280,280,280,83,83,56,62.01734957824786,3.0672180000692606,283.8168929993117,34.0
1609860156,100,GET,/files/view/100000000KB?id=69,5.100000,5.100000,58,70,85,96,110,170,240,260,260,260,260,82,82,56,63.71610667080925,2.7970149985776516,263.48634799978754,34.0
1609860156,100,GET,/files/view/100000000KB?id=7,8.700000,8.700000,60,93,100,110,130,140,300,310,330,330,330,148,148,55,70.29189271618118,1.832121999541414,325.41763600056584,34.0
1609860156,100,GET,/files/view/100000000KB?id=70,5.000000,5.000000,54,66,77,92,120,140,290,300,300,300,300,82,82,54,63.976119670703,3.4219520002807258,304.5912519992271,34.0
1609860156,100,GET,/files/view/100000000KB?id=71,5.000000,5.000000,54,63,80,93,120,140,280,340,340,340,340,80,80,54,62.75265087497246,4.0923639990069205,339.35634400040726,34.0
1609860156,100,GET,/files/view/100000000KB?id=72,5.000000,5.000000,53,71,86,100,130,140,150,220,220,220,220,80,80,52,61.74353206249634,3.617547999965609,215.07586000006995,34.0
1609860156,100,GET,/files/view/100000000KB?id=73,5.000000,5.000000,55,73,95,100,130,140,240,340,340,340,340,79,79,55,64.59792489875304,3.987867001342238,341.1758339989319,34.0
1609860156,100,GET,/files/view/100000000KB?id=74,4.900000,4.900000,54,67,78,92,130,150,250,300,300,300,300,79,79,54,63.185755240496455,5.3435359986906406,302.10553299912135,34.0
1609860156,100,GET,/files/view/100000000KB?id=75,4.800000,4.800000,55,66,90,100,110,130,200,340,340,340,340,78,78,53,61.98248655138554,4.05263799984823,341.31808600068325,34.0
1609860156,100,GET,/files/view/100000000KB?id=76,4.800000,4.800000,54,68,84,94,110,140,150,210,210,210,210,78,78,53,59.39548465388119,5.358602000342216,210.2510570002778,34.0
1609860156,100,GET,/files/view/100000000KB?id=77,4.800000,4.800000,57,68,80,98,110,130,240,290,290,290,290,77,77,57,61.81447003889064,3.5879779989045346,290.817221000907,34.0
1609860156,100,GET,/files/view/100000000KB?id=78,4.700000,4.700000,55,67,78,87,110,130,150,190,190,190,190,76,76,55,57.65583224985293,5.704676999812364,190.02617600017402,34.0
1609860156,100,GET,/files/view/100000000KB?id=79,4.700000,4.700000,51,69,93,100,110,140,220,260,260,260,260,74,74,48,61.537591986593355,3.9228660007211147,259.82850800028245,34.0
1609860156,100,GET,/files/view/100000000KB?id=8,8.500000,8.500000,63,80,100,110,140,180,250,260,350,350,350,146,146,63,73.92388009596799,1.7368369990435895,352.4466510007187,34.0
1609860156,100,GET,/files/view/100000000KB?id=80,4.700000,4.700000,56,66,80,100,120,170,280,300,300,300,300,74,74,55,63.45620709463047,5.020550999688567,300.2583630004665,34.0
1609860156,100,GET,/files/view/100000000KB?id=81,4.600000,4.600000,55,69,80,100,130,150,270,280,280,280,280,74,74,54,65.69385618928897,3.85997800003679,281.28372600076545,34.0
1609860156,100,GET,/files/view/100000000KB?id=82,4.700000,4.700000,58,80,99,110,140,200,250,300,300,300,300,74,74,57,70.42026798653505,5.544469000597019,303.18558200087864,34.0
1609860156,100,GET,/files/view/100000000KB?id=83,4.700000,4.700000,52,65,78,94,110,140,150,180,180,180,180,73,73,52,57.87381172613345,4.127063999476377,182.22056499871542,34.0
1609860156,100,GET,/files/view/100000000KB?id=84,4.600000,4.600000,52,65,70,76,110,140,140,250,250,250,250,71,71,52,56.5111366618432,5.001862999051809,252.4493380005879,34.0
1609860156,100,GET,/files/view/100000000KB?id=85,4.600000,4.600000,53,67,87,94,120,140,220,260,260,260,260,71,71,53,62.144175845057525,3.429620999668259,257.0600680010102,34.0
1609860156,100,GET,/files/view/100000000KB?id=86,4.500000,4.500000,55,69,96,100,110,140,260,340,340,340,340,71,71,55,64.24029522531782,4.878215000644559,340.0121279992163,34.0
1609860156,100,GET,/files/view/100000000KB?id=87,4.500000,4.500000,56,70,91,100,110,140,190,350,350,350,350,71,71,56,63.04479594401643,3.5497950011631474,346.17461299967545,34.0
1609860156,100,GET,/files/view/100000000KB?id=88,4.500000,4.500000,52,72,86,97,110,200,310,340,340,340,340,71,71,52,66.35329229579902,4.6907520008971915,343.87327900003584,34.0
1609860156,100,GET,/files/view/100000000KB?id=89,4.500000,4.500000,56,70,80,100,110,140,170,250,250,250,250,71,71,56,61.09259264782632,3.5613410000223666,254.47801899827027,34.0
1609860156,100,GET,/files/view/100000000KB?id=9,8.400000,8.400000,57,81,98,110,140,150,280,330,330,330,330,141,141,57,69.63191951767162,1.5546400009043282,334.91649399911694,34.0
1609860156,100,GET,/files/view/100000000KB?id=90,4.500000,4.500000,57,75,96,100,140,150,220,240,240,240,240,70,70,56,65.56558491442307,5.254937999779941,238.65953200038348,34.0
1609860156,100,GET,/files/view/100000000KB?id=91,4.400000,4.400000,54,71,84,98,130,140,200,210,210,210,210,69,69,54,61.2029556088627,4.1562879996490665,211.20429000075092,34.0
1609860156,100,GET,/files/view/100000000KB?id=92,4.400000,4.400000,56,72,89,98,110,130,140,180,180,180,180,69,69,56,59.75273778262751,5.796561999886762,183.60151700107963,34.0
1609860156,100,GET,/files/view/100000000KB?id=93,4.400000,4.400000,52,75,89,100,120,140,240,300,300,300,300,69,69,52,64.22340431880372,4.88313000096241,298.81950600065466,34.0
1609860156,100,GET,/files/view/100000000KB?id=94,4.300000,4.300000,55,67,86,97,100,130,140,140,140,140,140,69,69,55,57.92962381146145,6.865717999971821,143.7678700003744,34.0
1609860156,100,GET,/files/view/100000000KB?id=95,4.200000,4.200000,58,70,100,100,120,210,260,330,330,330,330,68,68,58,70.50060258822722,5.060886000137543,330.69940299901646,34.0
1609860156,100,GET,/files/view/100000000KB?id=96,4.200000,4.200000,51,66,86,92,110,130,150,350,350,350,350,67,67,51,60.32286147765534,6.133435999799985,345.00287199989543,34.0
1609860156,100,GET,/files/view/100000000KB?id=97,4.200000,4.200000,54,64,74,79,100,110,130,140,140,140,140,65,65,54,54.56425846157519,5.10438899982546,139.86429200122075,34.0
1609860156,100,GET,/files/view/100000000KB?id=98,4.200000,4.200000,56,66,88,100,130,150,210,300,300,300,300,65,65,56,64.86667675369692,5.919146000451292,300.72946599830175,34.0
1609860156,100,GET,/files/view/100000000KB?id=99,4.200000,4.200000,55,65,85,110,130,180,240,330,330,330,330,65,65,55,66.69681767690726,5.610477999653085,327.63063899983536,34.0
1609860156,100,,Aggregated,602.900000,602.900000,56,73,95,100,130,150,240,300,560,770,770,9973,9973,56,66.66152730431307,1.5546400009043282,765.1563849995,34.0
1609860157,30,GET,/files/view/100000000KB?id=0,9.900000,9.900000,96,140,270,290,530,560,710,760,770,770,770,160,160,96,171.66779433107422,4.052174001117237,765.1563849995,34.0
1609860157,30,GET,/files/view/100000000KB?id=1,9.800000,9.800000,50,93,100,110,140,170,270,330,330,330,330,159,159,50,70.25171509430604,2.3377779998554615,332.0286380003381,34.0
1609860157,30,GET,/files/view/100000000KB?id=10,8.700000,8.700000,66,93,100,110,130,150,290,300,310,310,310,151,151,66,76.51053331129567,1.569210000525345,306.7531080014305,34.0
1609860157,30,GET,/files/view/100000000KB?id=11,8.500000,8.500000,60,88,100,110,130,140,150,180,350,350,350,148,148,59,66.34220023638468,1.8797270004142774,347.8577799996856,34.0
1609860157,30,GET,/files/view/100000000KB?id=12,8.400000,8.400000,67,90,100,110,140,210,290,310,330,330,330,147,147,67,77.98640974831461,1.6054850002547028,334.26649600005476,34.0
1609860157,30,GET,/files/view/100000000KB?id=13,8.300000,8.300000,55,83,98,110,130,140,160,180,290,290,290,145,145,55,64.9902699102501,1.5914809991954826,291.0359170000447,34.0
1609860157,30,GET,/files/view/100000000KB?id=14,8.400000,8.400000,66,85,96,110,130,150,280,280,330,330,330,145,145,66,73.44726957247798,1.5577650010527577,333.61329900071723,34.0
1609860157,30,GET,/files/view/100000000KB?id=15,8.300000,8.300000,54,82,100,100,120,150,220,240,340,340,340,143,143,54,65.85394976212552,2.0813089995499467,339.81210900128644,34.0
1609860157,30,GET,/files/view/100000000KB?id=16,8.000000,8.000000,62,77,100,100,130,140,230,340,340,340,340,143,143,62,71.46473795105236,1.6122630004247185,338.6972389998846,34.0
1609860157,30,GET,/files/view/100000000KB?id=17,7.900000,7.900000,58,80,100,100,130,140,260,270,290,290,290,142,142,56,67.09593702813231,2.9126139997970313,289.51822300041385,34.0
1609860157,30,GET,/files/view/100000000KB?id=18,7.900000,7.900000,65,86,99,110,130,140,220,230,310,310,310,141,141,65,71.03462133338635,2.3195170015242184,309.96778500048094,34.0
1609860157,30,GET,/files/view/100000000KB?id=19,7.700000,7.700000,52,79,97,100,130,150,260,310,310,310,310,137,137,52,66.87178191969262,2.520300000469433,314.75097199836455,34.0
1609860157,30,GET,/files/view/100000000KB?id=2,9.600000,9.600000,69,92,100,110,140,150,220,300,340,340,340,158,158,67,76.4294508291434,2.0684060000348836,343.27373300038744,34.0
1609860157,30,GET,/files/view/100000000KB?id=20,7.600000,7.600000,63,77,100,110,130,170,240,330,350,350,350,136,136,62,72.21000814704038,2.2851209996588295,346.5547880005033,34.0
1609860157,30,GET,/files/view/100000000KB?id=21,7.500000,7.500000,53,81,100,100,130,140,210,290,340,340,340,134,134,53,66.60699073885309,2.618964999783202,341.0374140003114,34.0
1609860157,30,GET,/files/view/100000000KB?id=22,7.400000,7.400000,65,87,100,110,130,170,270,280,340,340,340,133,133,65,73.50615789467231,2.763896000033128,337.71023100052844,34.0
1609860157,30,GET,/files/view/100000000KB?id=23,7.200000,7.200000,52,76,96,110,130,140,200,310,330,330,330,128,128,50,64.7890762031551,2.5144379997072974,327.5718490003783,34.0
1609860157,30,GET,/files/view/100000000KB?id=24,7.100000,7.100000,65,79,100,110,140,150,230,240,290,290,290,126,126,62,70.78971280944167,2.038000999164069,287.0971100001043,34.0
1609860157,30,GET,/files/view/100000000KB?id=25,7.000000,7.000000,52,72,90,99,110,130,150,180,340,340,340,124,124,51,61.12098350811193,1.6844250003487105,343.66786899954604,34.0
1609860157,30,GET,/files/view/100000000KB?id=26,7.000000,7.000000,62,76,98,100,120,140,230,240,350,350,350,124,124,61,68.31353784674877,1.9461709998722654,348.59413699996367,34.0
1609860157,30,GET,/files/view/100000000KB?id=27,7.000000,7.000000,52,73,86,100,120,130,310,320,350,350,350,124,124,52,64.53489755638715,1.8284600009792484,347.3604639984842,34.0
1609860157,30,GET,/files/view/100000000KB?id=28,6.800000,6.800000,62,77,96,100,130,150,240,340,360,360,360,123,123,62,71.76093632523686,1.8952600003103726,355.02260500106786,34.0
1609860157,30,GET,/files/view/100000000KB?id=29,6.700000,6.700000,54,76,97,110,130,150,260,290,350,350,350,123,123,54,68.39589933333923,1.7679979991953587,350.426733999484,34.0
1609860157,30,GET,/files/view/100000000KB?id=3,9.400000,9.400000,54,90,100,110,130,140,270,280,340,340,340,157,157,54,66.4506362738544,1.8174300003011012,335.5221869987872,34.0
1609860157,30,GET,/files/view/100000000KB?id=30,6.800000,6.800000,62,86,97,100,110,130,140,150,210,210,210,119,119,62,63.86509034451256,1.834160000726115,206.5866279990587,34.0
1609860157,30,GET,/files/view/100000000KB?id=31,6.500000,6.500000,52,78,97,100,110,140,200,250,250,250,250,117,117,52,63.6451285042398,1.7923369996424299,252.56979900041188,34.0
1609860157,30,GET,/files/view/100000000KB?id=32,6.500000,6.500000,64,75,96,99,120,140,160,270,350,350,350,116,116,63,66.53121027572743,1.6933599999902071,353.6396159997821,34.0
1609860157,30,GET,/files/view/100000000KB?id=33,6.400000,6.400000,55,75,100,110,130,160,190,190,210,210,210,115,115,55,66.34681202606019,1.6972649991657818,206.06115700138616,34.0
1609860157,30,GET,/files/view/100000000KB?id=34,6.500000,6.500000,61,80,98,100,110,140,150,260,330,330,330,114,114,60,65.80135217537693,1.7672119993221713,327.0502499999566,34.0
1609860157,30,GET,/files/view/100000000KB?id=35,6.300000,6.300000,52,73,97,100,130,150,280,310,350,350,350,112,112,51,67.70714771427525,1.900408000437892,345.9807830004138,34.0
1609860157,30,GET,/files/view/100000000KB?id=36,6.100000,6.100000,63,77,98,100,130,200,250,300,340,340,340,112,112,61,71.48335165183133,1.8294969995622523,343.2152370005497,34.0
1609860157,30,GET,/files/view/100000000KB?id=37,6.000000,6.000000,55,70,95,100,130,150,150,180,200,200,200,112,112,54,62.904053303522495,1.7288510007347213,203.01121299962688,34.0
1609860157,30,GET,/files/view/100000000KB?id=38,6.000000,6.000000,63,79,96,100,130,140,200,220,340,340,340,112,112,62,67.59895303564788,2.0172760014247615,336.25909900001716,34.0
1609860157,30,GET,/files/view/100000000KB?id=39,6.100000,6.100000,57,74,91,99,130,150,280,300,350,350,350,112,112,55,66.53010213390839,3.1710209987068083,349.07154200118384,34.0
1609860157,30,GET,/files/view/100000000KB?id=4,9.200000,9.200000,66,85,99,110,130,140,210,350,350,350,350,156,156,65,72.26904576286987,1.7901020000863355,346.08106299856445,34.0
1609860157,30,GET,/files/view/100000000KB?id=40,6.000000,6.000000,59,72,84,97,120,130,140,230,340,340,340,112,112,57,63.88723843748981,3.2310360002156813,342.4390990003303,34.0
1609860157,30,GET,/files/view/100000000KB?id=41,6.000000,6.000000,56,71,91,97,130,140,200,280,350,350,350,111,111,56,65.37502969375645,3.0066680010349955,349.78041400063375,34.0
1609860157,30,GET,/files/view/100000000KB?id=42,5.900000,5.900000,61,77,97,100,130,140,210,220,260,260,260,109,109,61,67.56874623847538,3.6867869985144353,263.08404699921084,34.0
1609860157,30,GET,/files/view/100000000KB?id=43,5.900000,5.900000,55,67,88,100,110,140,140,150,150,150,150,109,109,55,59.143210798029365,3.4591939984238707,149.69613399989612,34.0
1609860157,30,GET,/files/view/100000000KB?id=44,5.900000,5.900000,61,71,96,100,120,170,220,250,340,340,340,104,104,61,67.9304056154356,4.163431000051787,338.4462320009334,34.0
1609860157,30,GET,/files/view/100000000KB?id=45,5.800000,5.800000,55,67,86,93,110,140,140,140,340,340,340,104,104,55,59.916487451975904,4.165604999798234,336.14213799955905,34.0
1609860157,30,GET,/files/view/100000000KB?id=46,5.800000,5.800000,57,70,93,100,120,130,140,150,230,230,230,103,103,57,61.28834142721652,3.1010429993330035,228.1224630005454,34.0
1609860157,30,GET,/files/view/100000000KB?id=47,5.700000,5.700000,53,71,86,97,110,140,210,210,330,330,330,101,101,53,63.06750920789499,2.7216609996685293,329.2730240009405,34.0
1609860157,30,GET,/files/view/100000000KB?id=48,5.800000,5.800000,60,72,80,97,110,130,210,220,220,220,220,100,100,59,60.79018226997505,2.7282150003884453,221.88801599986618,34.0
1609860157,30,GET,/files/view/100000000KB?id=49,5.700000,5.700000,52,66,88,97,120,140,290,300,300,300,300,100,100,52,62.52720483003941,2.718673998970189,298.67935400034185,34.0
1609860157,30,GET,/files/view/100000000KB?id=5,9.100000,9.100000,62,91,99,110,130,150,200,290,330,330,330,155,155,62,68.49807932257752,2.317804999620421,332.05192999957944,34.0
1609860157,30,GET,/files/view/100000000KB?id=50,5.600000,5.600000,56,70,89,95,110,130,310,330,330,330,330,98,98,56,65.64612477539376,3.174155001033796,330.0686710008449,34.0
1609860157,30,GET,/files/view/100000000KB?id=51,5.600000,5.600000,56,66,80,98,120,150,180,190,190,190,190,98,98,55,60.81679545916683,3.1409170005645137,191.7423750001035,34.0
1609860157,30,GET,/files/view/100000000KB?id=52,5.600000,5.600000,56,74,89,99,120,160,220,290,290,290,290,97,97,56,65.22842818566525,2.7701090002665296,286.81189000053564,34.0
1609860157,30,GET,/files/view/100000000KB?id=53,5.600000,5.600000,53,63,78,92,100,130,140,320,320,320,320,97,97,53,58.04005809282505,2.8101030002289917,323.50669500010554,34.0
1609860157,30,GET,/files/view/100000000KB?id=54,5.600000,5.600000,57,71,81,98,120,160,220,350,350,350,350,97,97,57,65.3671350000596,2.849403001164319,351.1100539999461,34.0
1609860157,30,GET,/files/view/100000000KB?id=55,5.500000,5.500000,52,65,83,99,110,130,230,230,230,230,230,94,94,51,58.98200340426287,2.769142000033753,233.78417000094487,34.0
1609860157,30,GET,/files/view/100000000KB?id=56,5.400000,5.400000,57,71,93,100,120,150,260,280,280,280,280,94,94,56,65.2734550637646,2.8773449994332623,281.5803430003143,34.0
1609860157,30,GET,/files/view/100000000KB?id=57,5.400000,5.400000,54,61,74,90,110,110,270,280,280,280,280,91,91,54,58.52966124181406,3.121794001344824,280.425816999923,34.0
1609860157,30,GET,/files/view/100000000KB?id=58,5.400000,5.400000,61,75,91,96,110,200,260,260,260,260,260,90,90,60,67.07030592222307,3.119958999377559,255.7246930009569,34.0
1609860157,30,GET,/files/view/100000000KB?id=59,5.400000,5.400000,54,64,71,94,120,140,150,270,270,270,270,90,90,54,57.50988352218782,3.362992998518166,269.71543899890094,34.0
