Timestamp,User Count,Type,Name,Requests/s,Failures/s,50%,66%,75%,80%,90%,95%,98%,99%,99.9%,99.99%,100%,Total Request Count,Total Failure Count,Total Median Response Time,Total Average Response Time,Total Min Response Time,Total Max Response Time,Total Average Content Size
1609868999,1,,Aggregated,0.000000,0.000000,N/A,N/A,N/A,N/A,N/A,N/A,N/A,N/A,N/A,N/A,N/A,0,0,0,0,0,0,0
1609869000,3,GET,/files/view/10000KB?id=0,0.000000,0.000000,4,4,17,17,17,17,17,17,17,17,17,3,0,4,8.345431999866074,3.812647999438923,16.768301000411157,17.0
1609869000,3,GET,/files/view/10000KB?id=1,0.000000,0.000000,3,3,3,3,3,3,3,3,3,3,3,3,0,2.556610001192894,2.486356000493591,2.3808410005585756,2.556610001192894,17.0
1609869000,3,GET,/files/view/10000KB?id=10,0.000000,0.000000,2,2,2,2,2,2,2,2,2,2,2,3,0,2,2.0664976679351335,1.848117000918137,2.2156380000524223,18.0
1609869000,3,GET,/files/view/10000KB?id=11,0.000000,0.000000,2,2,2,2,2,2,2,2,2,2,2,3,0,2,2.067445001254479,1.8044300013571046,2.3881270026322454,18.0
1609869000,3,GET,/files/view/10000KB?id=12,0.000000,0.000000,2,2,2,2,2,2,2,2,2,2,2,3,0,2,1.9923326690332033,1.7402610028511845,2.1955930023978,18.0
1609869000,3,GET,/files/view/10000KB?id=13,0.000000,0.000000,2,2,2,2,2,2,2,2,2,2,2,3,0,2.052445001027081,2.267242334103988,2.052445001027081,2.4018639996938873,18.0
1609869000,3,GET,/files/view/10000KB?id=14,0.000000,0.000000,2,2,4,4,4,4,4,4,4,4,4,3,0,2,2.6398343337253514,1.9082569997408427,3.6441709999053273,18.0
1609869000,3,GET,/files/view/10000KB?id=15,0.000000,0.000000,2,2,2,2,2,2,2,2,2,2,2,3,0,2,2.118904667440802,1.9227939992561005,2.247413001896348,18.0
1609869000,3,GET,/files/view/10000KB?id=16,0.000000,0.000000,2,2,2,2,2,2,2,2,2,2,2,3,0,1.9544099995982833,1.8959433339963045,1.800987000024179,1.9544099995982833,18.0
1609869000,3,GET,/files/view/10000KB?id=17,0.000000,0.000000,2,2,2,2,2,2,2,2,2,2,2,3,0,2,2.0573846668412443,1.8009279992838856,2.3317429986491334,18.0
1609869000,3,GET,/files/view/10000KB?id=18,0.000000,0.000000,2,2,2,2,2,2,2,2,2,2,2,3,0,2,2.0439693338024276,1.7759260008460842,2.2758710001653526,18.0
1609869000,3,GET,/files/view/10000KB?id=19,0.000000,0.000000,2,2,2,2,2,2,2,2,2,2,2,3,0,2.058901001873892,2.1804260007532625,2.058901001873892,2.334770000743447,18.0
1609869000,3,GET,/files/view/10000KB?id=2,0.000000,0.000000,2,2,2,2,2,2,2,2,2,2,2,3,0,2.1028010014561005,2.1188050013734028,2.1028010014561005,2.1388340028352104,17.0
1609869000,3,GET,/files/view/10000KB?id=20,0.000000,0.000000,2,2,2,2,2,2,2,2,2,2,2,3,0,2,1.9334779996521927,1.6110449978441466,2.196696001192322,18.0
1609869000,3,GET,/files/view/10000KB?id=21,0.000000,0.000000,2,2,2,2,2,2,2,2,2,2,2,3,0,2,2.0867269983379324,1.997093997488264,2.217099998233607,18.0
1609869000,3,GET,/files/view/10000KB?id=22,0.000000,0.000000,2,2,2,2,2,2,2,2,2,2,2,3,0,1.9996880000689998,1.9303130005331088,1.8066420016111806,1.9996880000689998,18.0
1609869000,3,GET,/files/view/10000KB?id=23,0.000000,0.000000,2,2,2,2,2,2,2,2,2,2,2,3,0,2.029156999924453,2.1455333323198524,2.029156999924453,2.3535869986517355,18.0
1609869000,3,GET,/files/view/10000KB?id=24,0.000000,0.000000,2,2,2,2,2,2,2,2,2,2,2,3,0,1.9675300027302,1.922861666874572,1.8807679989549797,1.9675300027302,18.0
1609869000,3,GET,/files/view/10000KB?id=25,0.000000,0.000000,2,2,2,2,2,2,2,2,2,2,2,3,0,2,1.981106001039734,1.8758349979179911,2.0685270028479863,18.0
1609869000,3,GET,/files/view/10000KB?id=26,0.000000,0.000000,2,2,2,2,2,2,2,2,2,2,2,3,0,2,1.915543332870584,1.7823749985836912,2.0860520016867667,18.0
1609869000,3,GET,/files/view/10000KB?id=27,0.000000,0.000000,2,2,2,2,2,2,2,2,2,2,2,3,0,2,1.9116980001854245,1.717369999823859,2.134007001586724,18.0
1609869000,3,GET,/files/view/10000KB?id=28,0.000000,0.000000,2,2,2,2,2,2,2,2,2,2,2,3,0,2,1.8856636658407904,1.684849998127902,2.0457650025491603,18.0
1609869000,3,GET,/files/view/10000KB?id=29,0.000000,0.000000,2,2,2,2,2,2,2,2,2,2,2,3,0,2,1.979818000108935,1.891546999104321,2.0658130015362985,18.0
1609869000,3,GET,/files/view/10000KB?id=3,0.000000,0.000000,2,2,2,2,2,2,2,2,2,2,2,3,0,2,2.0596293349323482,1.9439060015429277,2.136380000592908,17.0
1609869000,3,GET,/files/view/10000KB?id=30,0.000000,0.000000,2,2,2,2,2,2,2,2,2,2,2,3,0,2,1.9926310002726193,1.8194870026491117,2.203670999733731,18.0
1609869000,3,GET,/files/view/10000KB?id=31,0.000000,0.000000,2,2,2,2,2,2,2,2,2,2,2,3,0,2,1.895978666046479,1.7767200006346684,2.0026359998155385,18.0
1609869000,3,GET,/files/view/10000KB?id=32,0.000000,0.000000,2,2,2,2,2,2,2,2,2,2,2,3,0,1.940048998221755,1.8733456660508334,1.7948739987332374,1.940048998221755,18.0
1609869000,3,GET,/files/view/10000KB?id=33,0.000000,0.000000,2,2,2,2,2,2,2,2,2,2,2,3,0,2,1.9794333335691288,1.7890839990286622,2.2365550030372106,18.0
1609869000,3,GET,/files/view/10000KB?id=34,0.000000,0.000000,2,2,2,2,2,2,2,2,2,2,2,3,0,1.990346998354653,1.9318806662340648,1.8541579993325286,1.990346998354653,18.0
1609869000,3,GET,/files/view/10000KB?id=35,0.000000,0.000000,2,2,2,2,2,2,2,2,2,2,2,3,0,2,2.011575665771185,1.8510899972170591,2.2207740003068466,18.0
1609869000,3,GET,/files/view/10000KB?id=36,0.000000,0.000000,2,2,2,2,2,2,2,2,2,2,2,3,0,1.8962209978781175,1.8295943324725765,1.7204809992108494,1.8962209978781175,18.0
1609869000,3,GET,/files/view/10000KB?id=37,0.000000,0.000000,2,2,2,2,2,2,2,2,2,2,2,3,0,1.9463290009298362,1.8415593343282428,1.7373629998473916,1.9463290009298362,18.0
1609869000,3,GET,/files/view/10000KB?id=38,0.000000,0.000000,2,2,2,2,2,2,2,2,2,2,2,3,0,2,1.9007466677673317,1.6286630016111303,2.1603780005534645,18.0
1609869000,3,GET,/files/view/10000KB?id=39,0.000000,0.000000,2,2,3,3,3,3,3,3,3,3,3,3,0,2,2.0939096660489063,1.7315969998890068,2.675381998415105,18.0
1609869000,3,GET,/files/view/10000KB?id=4,0.000000,0.000000,2,2,2,2,2,2,2,2,2,2,2,3,0,2,2.0078860009865216,1.8689800017455127,2.120967001246754,17.0
1609869000,3,GET,/files/view/10000KB?id=40,0.000000,0.000000,2,2,2,2,2,2,2,2,2,2,2,3,0,1.957470001798356,1.7660663349185295,1.6337400011252612,1.957470001798356,18.0
1609869000,3,GET,/files/view/10000KB?id=41,0.000000,0.000000,2,2,2,2,2,2,2,2,2,2,2,3,0,1.8651520003913902,1.7380836652591825,1.6556669979763683,1.8651520003913902,18.0
1609869000,3,GET,/files/view/10000KB?id=42,0.000000,0.000000,2,2,2,2,2,2,2,2,2,2,2,3,0,2,1.9297970005330474,1.801600999897346,2.0097349988645874,18.0
1609869000,3,GET,/files/view/10000KB?id=43,0.000000,0.000000,2,2,2,2,2,2,2,2,2,2,2,3,0,2,1.9942983344662935,1.8124330017599277,2.3087760018825065,18.0
1609869000,3,GET,/files/view/10000KB?id=44,0.000000,0.000000,2,2,2,2,2,2,2,2,2,2,2,3,0,2,2.021203666420964,1.7007360002025962,2.2835889976704493,18.0
1609869000,3,GET,/files/view/10000KB?id=45,0.000000,0.000000,2,2,2,2,2,2,2,2,2,2,2,3,0,2,1.841849333383531,1.6568790015298873,2.062183997622924,18.0
1609869000,3,GET,/files/view/10000KB?id=46,0.000000,0.000000,2,2,2,2,2,2,2,2,2,2,2,3,0,2,1.8900170010359336,1.6522369987796992,2.0573930014506914,18.0
1609869000,3,GET,/files/view/10000KB?id=47,0.000000,0.000000,2,2,2,2,2,2,2,2,2,2,2,3,0,2,2.023070998499558,1.775441000063438,2.469872997608036,18.0
1609869000,3,GET,/files/view/10000KB?id=48,0.000000,0.000000,2,2,3,3,3,3,3,3,3,3,3,3,0,2,2.268435667550269,1.695939001365332,2.9188400003477,18.0
1609869000,3,GET,/files/view/10000KB?id=49,0.000000,0.000000,2,2,2,2,2,2,2,2,2,2,2,3,0,2,2.0259349997407603,1.7779890004021581,2.2926839992578607,18.0
1609869000,3,GET,/files/view/10000KB?id=5,0.000000,0.000000,2,2,2,2,2,2,2,2,2,2,2,3,0,2,2.0380886659647026,1.9745350000448525,2.116731000569416,17.0
1609869000,3,GET,/files/view/10000KB?id=50,0.000000,0.000000,2,2,3,3,3,3,3,3,3,3,3,3,0,2,2.1116069995817575,1.7220810004801024,2.560643999458989,18.0
1609869000,3,GET,/files/view/10000KB?id=51,0.000000,0.000000,2,2,3,3,3,3,3,3,3,3,3,3,0,2,2.1388839995779563,1.8304689983779099,2.61243199929595,18.0
1609869000,3,GET,/files/view/10000KB?id=52,0.000000,0.000000,2,2,2,2,2,2,2,2,2,2,2,3,0,2,1.9680790004107014,1.7454420012654737,2.2069810001994483,18.0
1609869000,3,GET,/files/view/10000KB?id=53,0.000000,0.000000,2,2,2,2,2,2,2,2,2,2,2,3,0,2,2.034589334167928,1.8937050008389633,2.2731550016032998,18.0
1609869000,3,GET,/files/view/10000KB?id=54,0.000000,0.000000,2,2,2,2,2,2,2,2,2,2,2,3,0,2,2.065521667342788,1.68823700005305,2.3447260027751327,18.0
1609869000,3,GET,/files/view/10000KB?id=55,0.000000,0.000000,2,2,2,2,2,2,2,2,2,2,2,3,0,2,2.1393649997965745,1.8525319974287413,2.490482002031058,18.0
1609869000,3,GET,/files/view/10000KB?id=56,0.000000,0.000000,2,2,2,2,2,2,2,2,2,2,2,3,0,2,2.0814033329467443,1.8127969997294713,2.3837139997340273,18.0
1609869000,3,GET,/files/view/10000KB?id=57,0.000000,0.000000,2,2,2,2,2,2,2,2,2,2,2,3,0,2,2.2134743327721176,1.8962549984280486,2.489381000486901,18.0
1609869000,3,GET,/files/view/10000KB?id=58,0.000000,0.000000,2,2,2,2,2,2,2,2,2,2,2,3,0,2.0419370011950377,2.1904149992527286,2.0419370011950377,2.3506209981860593,18.0
1609869000,3,GET,/files/view/10000KB?id=59,0.000000,0.000000,2,2,3,3,3,3,3,3,3,3,3,3,0,2.3300460015889257,2.4607670008360096,2.3300460015889257,2.6025260012829676,18.0
1609869000,3,GET,/files/view/10000KB?id=6,0.000000,0.000000,2,2,2,2,2,2,2,2,2,2,2,3,0,2,2.078841334878234,1.9367950008017942,2.244399001938291,17.0
1609869000,3,GET,/files/view/10000KB?id=60,0.000000,0.000000,2,2,2,2,2,2,2,2,2,2,2,3,0,2.137331997801084,2.173601333197439,2.137331997801084,2.2410210003727116,18.0
1609869000,3,GET,/files/view/10000KB?id=61,0.000000,0.000000,2,2,2,2,2,2,2,2,2,2,2,3,0,2,2.0491146666851514,1.880415999039542,2.2719049993611407,18.0
1609869000,3,GET,/files/view/10000KB?id=62,0.000000,0.000000,2,2,2,2,2,2,2,2,2,2,2,3,0,2,2.108746331941802,1.871683998615481,2.3635119978280272,18.0
1609869000,3,GET,/files/view/10000KB?id=63,0.000000,0.000000,2,2,2,2,2,2,2,2,2,2,2,3,0,2,2.0028740000270773,1.7371419999108184,2.155547001166269,18.0
1609869000,3,GET,/files/view/10000KB?id=64,0.000000,0.000000,2,2,2,2,2,2,2,2,2,2,2,3,0,2,2.191359000183487,1.7817459993239027,2.4216759993578307,18.0
1609869000,3,GET,/files/view/10000KB?id=65,0.000000,0.000000,2,2,2,2,2,2,2,2,2,2,2,3,0,2,2.18801600082467,1.7713030028971843,2.397678999841446,18.0
1609869000,3,GET,/files/view/10000KB?id=66,0.000000,0.000000,2,2,2,2,2,2,2,2,2,2,2,3,0,2,2.2036516663016905,1.8700159998843446,2.3917549988254905,18.0
1609869000,3,GET,/files/view/10000KB?id=67,0.000000,0.000000,2,2,2,2,2,2,2,2,2,2,2,3,0,2,2.0957520003624572,1.864318001025822,2.2254940013226587,18.0
1609869000,3,GET,/files/view/10000KB?id=68,0.000000,0.000000,2,2,2,2,2,2,2,2,2,2,2,3,0,2,2.066775666510997,1.8398319989501033,2.2266050000325777,18.0
1609869000,3,GET,/files/view/10000KB?id=69,0.000000,0.000000,2,2,2,2,2,2,2,2,2,2,2,3,0,2,2.101799334923271,1.7824570022639818,2.293430999998236,18.0
1609869000,3,GET,/files/view/10000KB?id=7,0.000000,0.000000,2,2,2,2,2,2,2,2,2,2,2,3,0,2,2.1124766669042097,1.92372899982729,2.313107001100434,17.0
1609869000,3,GET,/files/view/10000KB?id=70,0.000000,0.000000,2,2,2,2,2,2,2,2,2,2,2,3,0,2,2.1547020005527884,1.9991699991805945,2.2341660005622543,18.0
1609869000,3,GET,/files/view/10000KB?id=71,0.000000,0.000000,2,2,2,2,2,2,2,2,2,2,2,3,0,2,2.0823589996628775,1.8442729997332208,2.2223769992706366,18.0
1609869000,3,GET,/files/view/10000KB?id=72,0.000000,0.000000,2,2,2,2,2,2,2,2,2,2,2,3,0,2,2.0801376667805016,1.9508459990902338,2.1819960020366125,18.0
1609869000,3,GET,/files/view/10000KB?id=73,0.000000,0.000000,2,2,2,2,2,2,2,2,2,2,2,3,0,2,1.958016667534442,1.8598030001157895,2.0752340024046134,18.0
1609869000,3,GET,/files/view/10000KB?id=74,0.000000,0.000000,2,2,2,2,2,2,2,2,2,2,2,3,0,2,2.002175333473133,1.8483370004105382,2.1878719999222085,18.0
1609869000,3,GET,/files/view/10000KB?id=75,0.000000,0.000000,2,2,2,2,2,2,2,2,2,2,2,3,0,2.01859200024046,2.118879333769049,2.01859200024046,2.1765900019090623,18.0
1609869000,3,GET,/files/view/10000KB?id=76,0.000000,0.000000,2,2,2,2,2,2,2,2,2,2,2,3,0,2,2.097915998698833,1.9779709982685745,2.2256150004977826,18.0
1609869000,3,GET,/files/view/10000KB?id=77,0.000000,0.000000,2,2,2,2,2,2,2,2,2,2,2,3,0,2,2.058472666249145,1.956247000634903,2.201283998147119,18.0
1609869000,3,GET,/files/view/10000KB?id=78,0.000000,0.000000,2,2,2,2,2,2,2,2,2,2,2,3,0,2,2.0082263326912653,1.6436340010841377,2.203290998295415,18.0
1609869000,3,GET,/files/view/10000KB?id=79,0.000000,0.000000,2,2,2,2,2,2,2,2,2,2,2,3,0,2,1.9085966669081245,1.6916899985517375,2.1507310011656955,18.0
1609869000,3,GET,/files/view/10000KB?id=8,0.000000,0.000000,2,2,2,2,2,2,2,2,2,2,2,3,0,2.0279450000089128,2.0983379993898175,2.0279450000089128,2.205122997111175,17.0
1609869000,3,GET,/files/view/10000KB?id=80,0.000000,0.000000,2,2,2,2,2,2,2,2,2,2,2,3,0,2,1.9647599995854155,1.85231199793634,2.16416900002514,18.0
1609869000,3,GET,/files/view/10000KB?id=81,0.000000,0.000000,2,2,2,2,2,2,2,2,2,2,2,3,0,1.9993530004285276,1.9191053349156089,1.8164120010624174,1.9993530004285276,18.0
1609869000,3,GET,/files/view/10000KB?id=82,0.000000,0.000000,2,2,2,2,2,2,2,2,2,2,2,3,0,1.9940689999202732,1.8528880003335264,1.6764729989517946,1.9940689999202732,18.0
1609869000,3,GET,/files/view/10000KB?id=83,0.000000,0.000000,2,2,2,2,2,2,2,2,2,2,2,3,0,2,1.975125000171829,1.8114109989255667,2.1138900010555517,18.0
1609869000,3,GET,/files/view/10000KB?id=84,0.000000,0.000000,2,2,2,2,2,2,2,2,2,2,2,3,0,2,2.0684173335515275,1.900119001220446,2.2190130002854858,18.0
1609869000,3,GET,/files/view/10000KB?id=85,0.000000,0.000000,2,2,2,2,2,2,2,2,2,2,2,3,0,2,2.074167667160509,1.7703760022413917,2.3166739993030205,18.0
1609869000,3,GET,/files/view/10000KB?id=86,0.000000,0.000000,2,2,2,2,2,2,2,2,2,2,2,3,0,2,2.063222333769469,1.8679370004974771,2.184146000217879,18.0
1609869000,3,GET,/files/view/10000KB?id=87,0.000000,0.000000,2,2,2,2,2,2,2,2,2,2,2,3,0,2,1.9999363333530102,1.6629120000288822,2.216406999650644,18.0
1609869000,3,GET,/files/view/10000KB?id=88,0.000000,0.000000,2,2,2,2,2,2,2,2,2,2,2,3,0,2,2.082853666555214,1.8671510006242897,2.273497000714997,18.0
1609869000,3,GET,/files/view/10000KB?id=89,0.000000,0.000000,2,2,3,3,3,3,3,3,3,3,3,3,0,2,2.207667332792577,1.9595760022639297,2.509742997062858,18.0
1609869000,3,GET,/files/view/10000KB?id=9,0.000000,0.000000,2,2,2,2,2,2,2,2,2,2,2,3,0,2,2.0862060009676497,1.855056998465443,2.368281002418371,17.0
1609869000,3,GET,/files/view/10000KB?id=90,0.000000,0.000000,2,2,3,3,3,3,3,3,3,3,3,3,0,2,2.260778666823171,1.8620420014485717,2.5342900007672142,18.0
1609869000,3,GET,/files/view/10000KB?id=91,0.000000,0.000000,2,2,2,2,2,2,2,2,2,2,2,3,0,2,2.0310023331452007,1.821617999667069,2.28218700067373,18.0
1609869000,3,GET,/files/view/10000KB?id=92,0.000000,0.000000,2,2,2,2,2,2,2,2,2,2,2,3,0,2,1.912156001102024,1.7342630017083138,2.126417999534169,18.0
1609869000,3,GET,/files/view/10000KB?id=93,0.000000,0.000000,2,2,2,2,2,2,2,2,2,2,2,3,0,2,1.9534433328468974,1.709287000267068,2.331643998331856,18.0
1609869000,3,GET,/files/view/10000KB?id=94,0.000000,0.000000,2,2,2,2,2,2,2,2,2,2,2,3,0,2,1.8821979998998966,1.799040001060348,2.0438840001588687,18.0
1609869000,3,GET,/files/view/10000KB?id=95,0.000000,0.000000,2,2,2,2,2,2,2,2,2,2,2,3,0,2,1.9563636669772677,1.7966570012504235,2.229146000900073,18.0
1609869000,3,GET,/files/view/10000KB?id=96,0.000000,0.000000,2,2,2,2,2,2,2,2,2,2,2,3,0,2,1.9397380007527925,1.706421000562841,2.286791001097299,18.0
1609869000,3,GET,/files/view/10000KB?id=97,0.000000,0.000000,2,2,2,2,2,2,2,2,2,2,2,2,0,1.8018810005742125,1.721544500469463,1.6412080003647134,1.8018810005742125,18.0
1609869000,3,GET,/files/view/10000KB?id=98,0.000000,0.000000,2,2,2,2,2,2,2,2,2,2,2,2,0,1.8181720006396063,1.7833835008786991,1.748595001117792,1.8181720006396063,18.0
1609869000,3,GET,/files/view/10000KB?id=99,0.000000,0.000000,2,2,2,2,2,2,2,2,2,2,2,2,0,1.8757750003715046,1.769736500136787,1.6636979999020696,1.8757750003715046,18.0
1609869000,3,,Aggregated,0.000000,0.000000,2,2,2,2,2,2,3,4,17,17,17,297,0,2,2.101209458095603,1.6110449978441466,16.768301000411157,17.8989898989899
1609869001,6,GET,/files/view/10000KB?id=0,0.000000,0.000000,5,5,5,5,17,17,17,17,17,17,17,6,0,5,6.579652833048992,3.812647999438923,16.768301000411157,17.0
1609869001,6,GET,/files/view/10000KB?id=1,0.000000,0.000000,3,3,3,3,3,3,3,3,3,3,3,6,0,2.9399819977697916,2.691136666423214,2.3808410005585756,2.9399819977697916,17.0
1609869001,6,GET,/files/view/10000KB?id=10,0.000000,0.000000,2,2,2,3,3,3,3,3,3,3,3,5,0,2,2.1466806007083505,1.848117000918137,2.555267998104682,18.0
1609869001,6,GET,/files/view/10000KB?id=11,0.000000,0.000000,2,2,2,3,3,3,3,3,3,3,3,5,0,2,2.111894801055314,1.8038620000879746,2.5532770014251582,18.0
1609869001,6,GET,/files/view/10000KB?id=12,0.000000,0.000000,2,2,2,3,3,3,3,3,3,3,3,5,0,2,2.1151596010895446,1.7402610028511845,2.577571998699568,18.0
1609869001,6,GET,/files/view/10000KB?id=13,0.000000,0.000000,2,2,2,3,3,3,3,3,3,3,3,5,0,2.052445001027081,2.3354322009254247,2.052445001027081,2.6472550016478635,18.0
1609869001,6,GET,/files/view/10000KB?id=14,0.000000,0.000000,2,3,3,4,4,4,4,4,4,4,4,5,0,2,2.5816022003709804,1.9082569997408427,3.6441709999053273,18.0
1609869001,6,GET,/files/view/10000KB?id=15,0.000000,0.000000,2,2,2,2,2,2,2,2,2,2,2,5,0,2,2.199138401192613,1.9227939992561005,2.342610001505818,18.0
1609869001,6,GET,/files/view/10000KB?id=16,0.000000,0.000000,2,2,2,3,3,3,3,3,3,3,3,5,0,2,2.1294487996783573,1.800987000024179,2.5075659978028852,18.0
1609869001,6,GET,/files/view/10000KB?id=17,0.000000,0.000000,2,2,2,3,3,3,3,3,3,3,3,5,0,2,2.2247122004046105,1.8009279992838856,2.5257330016756896,18.0
1609869001,6,GET,/files/view/10000KB?id=18,0.000000,0.000000,2,2,2,2,2,2,2,2,2,2,2,5,0,2,2.1422790006909054,1.7759260008460842,2.481457999238046,18.0
1609869001,6,GET,/files/view/10000KB?id=19,0.000000,0.000000,2,2,2,2,2,2,2,2,2,2,2,5,0,2,2.18420560049708,1.9329759998072404,2.4467740004183725,18.0
1609869001,6,GET,/files/view/10000KB?id=2,0.000000,0.000000,2,2,3,3,3,3,3,3,3,3,3,6,0,2.1028010014561005,2.5250225007766858,2.1028010014561005,3.436000999499811,17.0
1609869001,6,GET,/files/view/10000KB?id=20,0.000000,0.000000,2,2,2,2,2,2,2,2,2,2,2,5,0,2,2.037810800538864,1.6110449978441466,2.482941003108863,18.0
1609869001,6,GET,/files/view/10000KB?id=21,0.000000,0.000000,2,2,2,3,3,3,3,3,3,3,3,5,0,2,2.1584161986538675,1.997093997488264,2.508990997739602,18.0
1609869001,6,GET,/files/view/10000KB?id=22,0.000000,0.000000,2,2,2,2,2,2,2,2,2,2,2,5,0,2,2.1208722006122116,1.8066420016111806,2.483236999978544,18.0
1609869001,6,GET,/files/view/10000KB?id=23,0.000000,0.000000,2,2,2,2,2,2,2,2,2,2,2,5,0,2.029156999924453,2.224451399524696,2.029156999924453,2.3758600000292063,18.0
1609869001,6,GET,/files/view/10000KB?id=24,0.000000,0.000000,2,2,2,3,3,3,3,3,3,3,3,5,0,2,2.091370799462311,1.8807679989549797,2.548897999076871,18.0
1609869001,6,GET,/files/view/10000KB?id=25,0.000000,0.000000,2,2,2,5,5,5,5,5,5,5,5,5,0,2,2.593228401383385,1.8758349979179911,4.858261003391817,18.0
1609869001,6,GET,/files/view/10000KB?id=26,0.000000,0.000000,2,2,2,4,4,4,4,4,4,4,4,5,0,2,2.3764945988659747,1.7823749985836912,3.743025998119265,18.0
1609869001,6,GET,/files/view/10000KB?id=27,0.000000,0.000000,2,2,2,3,3,3,3,3,3,3,3,5,0,2,2.1493562002433464,1.717369999823859,2.8046279985574074,18.0
1609869001,6,GET,/files/view/10000KB?id=28,0.000000,0.000000,2,2,2,3,3,3,3,3,3,3,3,5,0,2,2.0459771985770203,1.684849998127902,2.5789399987843353,18.0
1609869001,6,GET,/files/view/10000KB?id=29,0.000000,0.000000,2,2,2,4,4,4,4,4,4,4,4,5,0,2,2.4070013998425566,1.891546999104321,3.9487009998993017,18.0
1609869001,6,GET,/files/view/10000KB?id=3,0.000000,0.000000,2,2,3,3,3,3,3,3,3,3,3,6,0,2,2.452970333858199,1.9439060015429277,3.3250669985136483,17.0
1609869001,6,GET,/files/view/10000KB?id=30,0.000000,0.000000,2,2,2,2,2,2,2,2,2,2,2,5,0,2,2.1229742000286933,1.8194870026491117,2.4154669990821276,18.0
1609869001,6,GET,/files/view/10000KB?id=31,0.000000,0.000000,2,2,2,2,2,2,2,2,2,2,2,5,0,2,2.044242399279028,1.7767200006346684,2.4386609984503593,18.0
1609869001,6,GET,/files/view/10000KB?id=32,0.000000,0.000000,2,2,2,2,2,2,2,2,2,2,2,5,0,2,2.072183599375421,1.7948739987332374,2.4126169992086943,18.0
1609869001,6,GET,/files/view/10000KB?id=33,0.000000,0.000000,2,2,2,2,2,2,2,2,2,2,2,5,0,2,2.143504400009988,1.7890839990286622,2.405503000773024,18.0
1609869001,6,GET,/files/view/10000KB?id=34,0.000000,0.000000,2,2,2,3,3,3,3,3,3,3,3,5,0,2,2.272798198828241,1.8541579993325286,3.355044998897938,18.0
1609869001,6,GET,/files/view/10000KB?id=35,0.000000,0.000000,2,2,2,2,2,2,2,2,2,2,2,5,0,2,2.1051030002126936,1.8510899972170591,2.422237001155736,18.0
1609869001,6,GET,/files/view/10000KB?id=36,0.000000,0.000000,2,2,2,2,2,2,2,2,2,2,2,5,0,2,2.009035000082804,1.7204809992108494,2.3108360001060646,18.0
1609869001,6,GET,/files/view/10000KB?id=37,0.000000,0.000000,2,2,2,3,3,3,3,3,3,3,3,5,0,2,2.099396800622344,1.7373629998473916,2.5058350001927465,18.0
1609869001,6,GET,/files/view/10000KB?id=38,0.000000,0.000000,2,2,2,2,2,2,2,2,2,2,2,5,0,2,2.0114486003876664,1.6286630016111303,2.2064779986976646,18.0
1609869001,6,GET,/files/view/10000KB?id=39,0.000000,0.000000,3,3,3,3,3,3,3,3,3,3,3,5,0,2.732116998231504,2.337191199330846,1.7315969998890068,2.732116998231504,18.0
1609869001,6,GET,/files/view/10000KB?id=4,0.000000,0.000000,2,2,3,3,170,170,170,170,170,170,170,6,0,2,30.052896000900848,1.8689800017455127,169.01720399982878,17.0
1609869001,6,GET,/files/view/10000KB?id=40,0.000000,0.000000,2,2,2,2,2,2,2,2,2,2,2,5,0,2,2.0111958008783404,1.6337400011252612,2.417472998786252,18.0
1609869001,6,GET,/files/view/10000KB?id=41,0.000000,0.000000,2,2,2,2,2,2,2,2,2,2,2,5,0,2,1.9301487984193955,1.6556669979763683,2.3258199980773497,18.0
1609869001,6,GET,/files/view/10000KB?id=42,0.000000,0.000000,2,2,2,3,3,3,3,3,3,3,3,5,0,2,2.233947800414171,1.801600999897346,3.276527000707574,18.0
1609869001,6,GET,/files/view/10000KB?id=43,0.000000,0.000000,2,2,2,13,13,13,13,13,13,13,13,5,0,2,4.306812000140781,1.8124330017599277,13.199478999013081,18.0
1609869001,6,GET,/files/view/10000KB?id=44,0.000000,0.000000,2,2,2,3,3,3,3,3,3,3,3,5,0,2,2.2666762000881135,1.7007360002025962,2.789657999528572,18.0
1609869001,6,GET,/files/view/10000KB?id=45,0.000000,0.000000,2,2,2,2,2,2,2,2,2,2,2,5,0,2,1.9333344003825914,1.6568790015298873,2.176711001084186,18.0
1609869001,6,GET,/files/view/10000KB?id=46,0.000000,0.000000,2,2,2,2,2,2,2,2,2,2,2,5,0,2,2.0431278011528775,1.6522369987796992,2.299076000781497,18.0
1609869001,6,GET,/files/view/10000KB?id=47,0.000000,0.000000,2,2,2,3,3,3,3,3,3,3,3,5,0,2,2.270059998409124,1.775441000063438,3.0421479968936183,18.0
1609869001,6,GET,/files/view/10000KB?id=48,0.000000,0.000000,2,3,3,3,3,3,3,3,3,3,3,5,0,2,2.379516200016951,1.695939001365332,2.9188400003477,18.0
1609869001,6,GET,/files/view/10000KB?id=49,0.000000,0.000000,2,2,2,2,2,2,2,2,2,2,2,5,0,2,2.1182475989917293,1.7779890004021581,2.2926839992578607,18.0
1609869001,6,GET,/files/view/10000KB?id=5,0.000000,0.000000,2,2,2,3,3,3,3,3,3,3,3,5,0,2,2.3014949991193134,1.9745350000448525,3.003297999384813,17.0
1609869001,6,GET,/files/view/10000KB?id=50,0.000000,0.000000,2,2,2,3,3,3,3,3,3,3,3,5,0,2,2.0941187998687383,1.7220810004801024,2.560643999458989,18.0
1609869001,6,GET,/files/view/10000KB?id=51,0.000000,0.000000,2,2,2,3,3,3,3,3,3,3,3,5,0,2,2.1159889998671133,1.8304689983779099,2.61243199929595,18.0
1609869001,6,GET,/files/view/10000KB?id=52,0.000000,0.000000,2,2,2,2,2,2,2,2,2,2,2,5,0,2,1.9583059998694807,1.7454420012654737,2.2069810001994483,18.0
1609869001,6,GET,/files/view/10000KB?id=53,0.000000,0.000000,2,2,2,2,2,2,2,2,2,2,2,5,0,2,2.017588200396858,1.8937050008389633,2.2731550016032998,18.0
1609869001,6,GET,/files/view/10000KB?id=54,0.000000,0.000000,2,2,2,2,2,2,2,2,2,2,2,5,0,2,2.1216094006376807,1.68823700005305,2.3447260027751327,18.0
1609869001,6,GET,/files/view/10000KB?id=55,0.000000,0.000000,2,2,2,3,3,3,3,3,3,3,3,5,0,2,2.251017799426336,1.8525319974287413,2.680408000742318,18.0
1609869001,6,GET,/files/view/10000KB?id=56,0.000000,0.000000,2,2,2,3,3,3,3,3,3,3,3,5,0,2,2.320152599713765,1.8127969997294713,3.011615997820627,18.0
1609869001,6,GET,/files/view/10000KB?id=57,0.000000,0.000000,2,2,2,3,3,3,3,3,3,3,3,5,0,2,2.3064327986503486,1.8962549984280486,2.6726689975475892,18.0
1609869001,6,GET,/files/view/10000KB?id=58,0.000000,0.000000,2,2,2,5,5,5,5,5,5,5,5,5,0,2.0419370011950377,2.8224203997524455,2.0419370011950377,5.296870000165654,18.0
1609869001,6,GET,/files/view/10000KB?id=59,0.000000,0.000000,2,3,3,4,4,4,4,4,4,4,4,5,0,2.3300460015889257,2.6990072001353838,2.3300460015889257,3.718119998666225,18.0
1609869001,6,GET,/files/view/10000KB?id=6,0.000000,0.000000,2,2,2,3,3,3,3,3,3,3,3,5,0,2,2.19575880037155,1.9367950008017942,2.503226998669561,17.0
1609869001,6,GET,/files/view/10000KB?id=60,0.000000,0.000000,2,2,2,4,4,4,4,4,4,4,4,5,0,2.137331997801084,2.499368599819718,2.137331997801084,3.640480998001294,18.0
1609869001,6,GET,/files/view/10000KB?id=61,0.000000,0.000000,2,3,3,5,5,5,5,5,5,5,5,5,0,2,2.754799999820534,1.880415999039542,4.857528998400085,18.0
1609869001,6,GET,/files/view/10000KB?id=62,0.000000,0.000000,2,2,2,2,2,2,2,2,2,2,2,5,0,2,2.1971602000121493,1.871683998615481,2.3637260019313544,18.0
1609869001,6,GET,/files/view/10000KB?id=63,0.000000,0.000000,2,2,2,3,3,3,3,3,3,3,3,5,0,2,2.1923191998212133,1.7371419999108184,2.525955998862628,18.0
1609869001,6,GET,/files/view/10000KB?id=64,0.000000,0.000000,2,2,2,3,3,3,3,3,3,3,3,5,0,2,2.283669800090138,1.7817459993239027,2.504325999325374,18.0
1609869001,6,GET,/files/view/10000KB?id=65,0.000000,0.000000,2,2,2,3,3,3,3,3,3,3,3,5,0,2,2.256350000243401,1.7713030028971843,2.652459999808343,18.0
1609869001,6,GET,/files/view/10000KB?id=66,0.000000,0.000000,2,2,2,2,2,2,2,2,2,2,2,5,0,2,2.187291999871377,1.8700159998843446,2.3917549988254905,18.0
1609869001,6,GET,/files/view/10000KB?id=67,0.000000,0.000000,2,2,2,2,2,2,2,2,2,2,2,5,0,2,2.066431001003366,1.7758640024112538,2.269035001518205,18.0
1609869001,6,GET,/files/view/10000KB?id=68,0.000000,0.000000,2,2,2,11,11,11,11,11,11,11,11,5,0,2,3.838954199454747,1.8398319989501033,10.971129999234108,18.0
1609869001,6,GET,/files/view/10000KB?id=69,0.000000,0.000000,2,2,2,3,3,3,3,3,3,3,3,5,0,2,2.3139120006817393,1.7824570022639818,3.1516919989371672,18.0
1609869001,6,GET,/files/view/10000KB?id=7,0.000000,0.000000,2,2,2,2,2,2,2,2,2,2,2,5,0,2,2.1284386006300338,1.92372899982729,2.313107001100434,17.0
1609869001,6,GET,/files/view/10000KB?id=70,0.000000,0.000000,2,2,2,2,2,2,2,2,2,2,2,5,0,2,2.056333800283028,1.8776979995891452,2.2341660005622543,18.0
1609869001,6,GET,/files/view/10000KB?id=71,0.000000,0.000000,2,2,2,2,2,2,2,2,2,2,2,5,0,2,1.977098799397936,1.6987909984891303,2.2223769992706366,18.0
1609869001,6,GET,/files/view/10000KB?id=72,0.000000,0.000000,2,2,2,2,2,2,2,2,2,2,2,5,0,2,2.0534522001980804,1.8989550007972866,2.1819960020366125,18.0
1609869001,6,GET,/files/view/10000KB?id=73,0.000000,0.000000,2,2,2,3,3,3,3,3,3,3,3,5,0,2,2.153502800501883,1.8598030001157895,2.6866070002142806,18.0
1609869001,6,GET,/files/view/10000KB?id=74,0.000000,0.000000,2,2,2,3,3,3,3,3,3,3,3,5,0,2,2.2771213996747974,1.8483370004105382,3.451779000897659,18.0
1609869001,6,GET,/files/view/10000KB?id=75,0.000000,0.000000,2,2,2,5,5,5,5,5,5,5,5,5,0,2,2.6716025997302495,1.8434119992889464,5.1579629980551545,18.0
1609869001,6,GET,/files/view/10000KB?id=76,0.000000,0.000000,2,2,2,3,3,3,3,3,3,3,3,5,0,2,2.3493705994042102,1.9779709982685745,3.068911999434931,18.0
1609869001,6,GET,/files/view/10000KB?id=77,0.000000,0.000000,2,2,2,3,3,3,3,3,3,3,3,5,0,2,2.340731800359208,1.956247000634903,3.0660730008094106,18.0
1609869001,6,GET,/files/view/10000KB?id=78,0.000000,0.000000,2,2,2,3,3,3,3,3,3,3,3,5,0,2,2.2727878000296187,1.6436340010841377,2.916317000199342,18.0
1609869001,6,GET,/files/view/10000KB?id=79,0.000000,0.000000,2,2,2,3,3,3,3,3,3,3,3,5,0,2,2.1491788007551804,1.6916899985517375,2.7863989998877514,18.0
1609869001,6,GET,/files/view/10000KB?id=8,0.000000,0.000000,2,2,2,3,3,3,3,3,3,3,3,5,0,2.0279450000089128,2.255169000272872,2.0279450000089128,2.789275000395719,17.0
1609869001,6,GET,/files/view/10000KB?id=80,0.000000,0.000000,2,2,2,3,3,3,3,3,3,3,3,5,0,2,2.14930239962996,1.85231199793634,2.801822000037646,18.0
1609869001,6,GET,/files/view/10000KB?id=81,0.000000,0.000000,2,2,2,3,3,3,3,3,3,3,3,5,0,2,2.167220200499287,1.8164120010624174,2.9126449990144465,18.0
1609869001,6,GET,/files/view/10000KB?id=82,0.000000,0.000000,2,2,2,3,3,3,3,3,3,3,3,5,0,2,2.1208140002272557,1.6764729989517946,3.073675001360243,18.0
1609869001,6,GET,/files/view/10000KB?id=83,0.000000,0.000000,2,2,2,3,3,3,3,3,3,3,3,5,0,2,2.198553800553782,1.8114109989255667,3.037382000911748,18.0
1609869001,6,GET,/files/view/10000KB?id=84,0.000000,0.000000,2,2,2,5,5,5,5,5,5,5,5,5,0,2,2.666068600228755,1.7706159997032955,5.3544750007858966,18.0
1609869001,6,GET,/files/view/10000KB?id=85,0.000000,0.000000,2,2,2,2,2,2,2,2,2,2,2,5,0,2,2.120058800210245,1.7703760022413917,2.430970998830162,18.0
1609869001,6,GET,/files/view/10000KB?id=86,0.000000,0.000000,2,2,2,2,2,2,2,2,2,2,2,5,0,2,1.9690759996592533,1.784061998478137,2.184146000217879,18.0
1609869001,6,GET,/files/view/10000KB?id=87,0.000000,0.000000,2,2,2,2,2,2,2,2,2,2,2,5,0,2,1.9109011998807546,1.6629120000288822,2.216406999650644,18.0
1609869001,6,GET,/files/view/10000KB?id=88,0.000000,0.000000,2,2,2,2,2,2,2,2,2,2,2,5,0,2,1.9851782002660912,1.7528900025354233,2.273497000714997,18.0
1609869001,6,GET,/files/view/10000KB?id=89,0.000000,0.000000,2,2,2,3,3,3,3,3,3,3,3,5,0,2,2.0655845997680444,1.7436160014767665,2.509742997062858,18.0
1609869001,6,GET,/files/view/10000KB?id=9,0.000000,0.000000,2,2,2,3,3,3,3,3,3,3,3,5,0,2,2.2554622002644464,1.855056998465443,3.0378189985640347,17.0
1609869001,6,GET,/files/view/10000KB?id=90,0.000000,0.000000,2,3,3,3,3,3,3,3,3,3,3,5,0,2,2.23367899961886,1.8330790007894393,2.5529799968353473,18.0
1609869001,6,GET,/files/view/10000KB?id=91,0.000000,0.000000,2,2,2,15,15,15,15,15,15,15,15,5,0,2,4.662174599798163,1.821617999667069,15.34778699715389,18.0
1609869001,6,GET,/files/view/10000KB?id=92,0.000000,0.000000,2,2,2,2,2,2,2,2,2,2,2,5,0,2,1.9793060004303697,1.7342630017083138,2.2351070001604967,18.0
1609869001,6,GET,/files/view/10000KB?id=93,0.000000,0.000000,2,2,2,3,3,3,3,3,3,3,3,5,0,2,2.164692400401691,1.709287000267068,2.690315002837451,18.0
1609869001,6,GET,/files/view/10000KB?id=94,0.000000,0.000000,2,2,2,2,2,2,2,2,2,2,2,5,0,2,1.9151100001181476,1.799040001060348,2.0438840001588687,18.0
1609869001,6,GET,/files/view/10000KB?id=95,0.000000,0.000000,2,2,2,2,2,2,2,2,2,2,2,5,0,2,2.005659199494403,1.7966570012504235,2.229146000900073,18.0
1609869001,6,GET,/files/view/10000KB?id=96,0.000000,0.000000,2,2,2,3,3,3,3,3,3,3,3,5,0,2,2.2198722006578464,1.706421000562841,3.357367000717204,18.0
1609869001,6,GET,/files/view/10000KB?id=97,0.000000,0.000000,2,2,2,16,16,16,16,16,16,16,16,5,0,2,4.719474200828699,1.6412080003647134,16.074620001745643,18.0
1609869001,6,GET,/files/view/10000KB?id=98,0.000000,0.000000,2,2,2,3,3,3,3,3,3,3,3,5,0,2,2.0847196006798185,1.748595001117792,3.0048309999983758,18.0
1609869001,6,GET,/files/view/10000KB?id=99,0.000000,0.000000,2,2,2,3,3,3,3,3,3,3,3,5,0,2,2.1691194000595715,1.6636979999020696,2.5836140011961106,18.0
1609869001,6,,Aggregated,0.000000,0.000000,2,2,2,2,3,3,5,11,170,170,170,505,0,2,2.678113449569492,1.6110449978441466,169.01720399982878,17.89108910891089
1609869002,8,GET,/files/view/10000KB?id=0,2.000000,0.000000,5,5,6,6,17,17,17,17,17,17,17,8,0,5,6.171125375203701,3.812647999438923,16.768301000411157,17.0
1609869002,8,GET,/files/view/10000KB?id=1,2.000000,0.000000,3,3,4,4,4,4,4,4,4,4,4,8,0,3,3.0006598749423574,2.3808410005585756,4.141937002714258,17.0
1609869002,8,GET,/files/view/10000KB?id=10,2.000000,0.000000,2,3,3,3,4,4,4,4,4,4,4,8,0,2,2.44288962585415,1.7345209998893552,3.5855240021192003,18.0
1609869002,8,GET,/files/view/10000KB?id=11,2.000000,0.000000,2,2,3,3,4,4,4,4,4,4,4,8,0,2,2.3625731259926397,1.8038620000879746,3.590563002944691,18.0
1609869002,8,GET,/files/view/10000KB?id=12,2.000000,0.000000,2,3,3,3,3,3,3,3,3,3,3,8,0,2,2.3478897510358365,1.7402610028511845,3.114973002084298,18.0
1609869002,8,GET,/files/view/10000KB?id=13,2.000000,0.000000,2,3,3,3,4,4,4,4,4,4,4,8,0,2.052445001027081,2.570966125404084,2.052445001027081,3.8475439978356007,18.0
1609869002,8,GET,/files/view/10000KB?id=14,2.000000,0.000000,3,3,4,4,4,4,4,4,4,4,4,8,0,3,2.8755272505804896,1.9082569997408427,4.028979998111026,18.0
1609869002,8,GET,/files/view/10000KB?id=15,2.000000,0.000000,2,3,3,3,6,6,6,6,6,6,6,8,0,2,2.886405500703404,1.9227939992561005,6.285507999564288,18.0
1609869002,8,GET,/files/view/10000KB?id=16,2.000000,0.000000,3,3,3,3,8,8,8,8,8,8,8,8,0,2,3.0234667501645163,1.800987000024179,7.670972001506016,18.0
1609869002,8,GET,/files/view/10000KB?id=17,2.000000,0.000000,2,3,3,3,5,5,5,5,5,5,5,8,0,2,2.644001125190698,1.8009279992838856,5.090901999210473,18.0
1609869002,8,GET,/files/view/10000KB?id=18,2.000000,0.000000,2,2,3,3,4,4,4,4,4,4,4,8,0,2,2.483989750544424,1.7759260008460842,4.1528920010023285,18.0
1609869002,8,GET,/files/view/10000KB?id=19,2.000000,0.000000,2,3,3,3,4,4,4,4,4,4,4,8,0,2,2.763875000709959,1.9329759998072404,4.37233900083811,18.0
1609869002,8,GET,/files/view/10000KB?id=2,2.000000,0.000000,3,3,3,3,4,4,4,4,4,4,4,8,0,2.1028010014561005,2.790709625969612,2.1028010014561005,4.366942001070129,17.0
1609869002,8,GET,/files/view/10000KB?id=20,2.000000,0.000000,2,2,4,4,5,5,5,5,5,5,5,8,0,2,2.6774182506414945,1.6110449978441466,4.6008790013729595,18.0
1609869002,8,GET,/files/view/10000KB?id=21,2.000000,0.000000,2,3,4,4,4,4,4,4,4,4,4,8,0,2,2.6444711238582386,1.997093997488264,4.354503998911241,18.0
1609869002,8,GET,/files/view/10000KB?id=22,2.000000,0.000000,2,2,3,3,4,4,4,4,4,4,4,8,0,2,2.5011051252477046,1.8066420016111806,3.5402080029598437,18.0
1609869002,8,GET,/files/view/10000KB?id=23,2.000000,0.000000,2,2,3,3,4,4,4,4,4,4,4,8,0,2.029156999924453,2.501884749108285,2.029156999924453,3.6595419987861533,18.0
1609869002,8,GET,/files/view/10000KB?id=24,2.000000,0.000000,3,3,3,3,4,4,4,4,4,4,4,8,0,2,2.583208624400868,1.8807679989549797,4.342796000855742,18.0
1609869002,8,GET,/files/view/10000KB?id=25,2.000000,0.000000,2,3,5,5,5,5,5,5,5,5,5,8,0,2,2.885086875721754,1.8758349979179911,4.858261003391817,18.0
1609869002,8,GET,/files/view/10000KB?id=26,2.000000,0.000000,2,3,4,4,4,4,4,4,4,4,4,8,0,2,2.5555718743817124,1.7823749985836912,3.9260980011022184,18.0
1609869002,8,GET,/files/view/10000KB?id=27,2.000000,0.000000,3,3,3,3,4,4,4,4,4,4,4,8,0,2,2.47893500045393,1.717369999823859,3.8927680034248624,18.0
1609869002,8,GET,/files/view/10000KB?id=28,2.000000,0.000000,2,3,3,3,9,9,9,9,9,9,9,8,0,2,3.008182123721781,1.684849998127902,8.642632998089539,18.0
1609869002,8,GET,/files/view/10000KB?id=29,2.000000,0.000000,2,3,4,4,7,7,7,7,7,7,7,8,0,2,3.0524930002684414,1.891546999104321,6.892200002766913,18.0
1609869002,8,GET,/files/view/10000KB?id=3,2.000000,0.000000,3,3,5,5,15,15,15,15,15,15,15,8,0,2,4.420748375196126,1.9439060015429277,15.254532998369541,17.0
1609869002,8,GET,/files/view/10000KB?id=30,2.000000,0.000000,2,3,3,3,4,4,4,4,4,4,4,8,0,2,2.4969387504825136,1.8194870026491117,3.5661469992191996,18.0
1609869002,8,GET,/files/view/10000KB?id=31,2.000000,0.000000,2,3,5,5,18,18,18,18,18,18,18,8,0,2,4.44384887441629,1.7767200006346684,17.868996001197957,18.0
1609869002,8,GET,/files/view/10000KB?id=32,2.000000,0.000000,2,2,2,2,11,11,11,11,11,11,11,8,0,2,3.188094250162976,1.7948739987332374,10.673752000002423,18.0
1609869002,8,GET,/files/view/10000KB?id=33,2.000000,0.000000,2,2,2,2,21,21,21,21,21,21,21,8,0,2,4.471008374366647,1.7890839990286622,20.88719899984426,18.0
1609869002,8,GET,/files/view/10000KB?id=34,2.000000,0.000000,2,2,3,3,5,5,5,5,5,5,5,8,0,2,2.6344862494624977,1.8541579993325286,5.127084001287585,18.0
1609869002,8,GET,/files/view/10000KB?id=35,2.000000,0.000000,2,2,3,3,7,7,7,7,7,7,7,8,0,2,2.820444125063659,1.8510899972170591,7.1680479995848145,18.0
1609869002,8,GET,/files/view/10000KB?id=36,2.000000,0.000000,2,2,3,3,3,3,3,3,3,3,3,8,0,2,2.1497707498383534,1.7204809992108494,2.731474000029266,18.0
1609869002,8,GET,/files/view/10000KB?id=37,2.000000,0.000000,2,3,3,3,3,3,3,3,3,3,3,8,0,2,2.242550500341167,1.7373629998473916,2.9284970005392097,18.0
1609869002,8,GET,/files/view/10000KB?id=38,2.000000,0.000000,2,3,3,3,3,3,3,3,3,3,3,8,0,2,2.3823805004212772,1.6286630016111303,3.3049890007532667,18.0
1609869002,8,GET,/files/view/10000KB?id=39,2.000000,0.000000,3,3,3,3,3,3,3,3,3,3,3,8,0,3,2.6987763749275473,1.7315969998890068,3.429960001085419,18.0
1609869002,8,GET,/files/view/10000KB?id=4,2.000000,0.000000,3,3,5,5,170,170,170,170,170,170,170,8,0,2,23.548374250367488,1.8689800017455127,169.01720399982878,17.0
1609869002,8,GET,/files/view/10000KB?id=40,2.000000,0.000000,2,2,3,3,3,3,3,3,3,3,3,8,0,2,2.180055124881619,1.6337400011252612,2.859401996829547,18.0
1609869002,8,GET,/files/view/10000KB?id=41,2.000000,0.000000,2,3,3,3,3,3,3,3,3,3,3,8,0,2,2.2771432481931697,1.6556669979763683,3.3427899979869835,18.0
1609869002,8,GET,/files/view/10000KB?id=42,2.000000,0.000000,2,2,2,2,3,3,3,3,3,3,3,8,0,2,2.1682835003957734,1.801600999897346,3.276527000707574,18.0
1609869002,8,GET,/files/view/10000KB?id=43,2.000000,0.000000,2,2,3,3,13,13,13,13,13,13,13,8,0,2,3.5316266253175854,1.8124330017599277,13.199478999013081,18.0
1609869002,8,GET,/files/view/10000KB?id=44,2.000000,0.000000,2,2,3,3,4,4,4,4,4,4,4,8,0,2,2.425798125386791,1.7007360002025962,3.8104829982330557,18.0
1609869002,8,GET,/files/view/10000KB?id=45,2.000000,0.000000,2,2,3,3,4,4,4,4,4,4,4,8,0,2,2.3507176251769124,1.6568790015298873,4.3047639992437325,18.0
1609869002,8,GET,/files/view/10000KB?id=46,2.000000,0.000000,2,2,2,2,4,4,4,4,4,4,4,8,0,2,2.2948360010559554,1.6522369987796992,3.773744003410684,18.0
1609869002,8,GET,/files/view/10000KB?id=47,2.000000,0.000000,2,2,3,3,3,3,3,3,3,3,3,8,0,2,2.4383877494074113,1.775441000063438,3.4771220016409643,18.0
1609869002,8,GET,/files/view/10000KB?id=48,2.000000,0.000000,3,3,3,3,3,3,3,3,3,3,3,8,0,2,2.5116041251749266,1.695939001365332,3.28443100079312,18.0
1609869002,8,GET,/files/view/10000KB?id=49,2.000000,0.000000,2,2,2,2,5,5,5,5,5,5,5,8,0,2,2.5415543746021285,1.7779890004021581,5.322715998772765,18.0
1609869002,8,GET,/files/view/10000KB?id=5,2.000000,0.000000,3,3,3,3,13,13,13,13,13,13,13,8,0,2,3.8038889993003977,1.9745350000448525,12.692364001850365,17.0
1609869002,8,GET,/files/view/10000KB?id=50,2.000000,0.000000,2,2,3,3,3,3,3,3,3,3,3,8,0,2,2.255593624795438,1.7220810004801024,3.1475110008614138,18.0
1609869002,8,GET,/files/view/10000KB?id=51,2.000000,0.000000,2,2,3,3,3,3,3,3,3,3,3,8,0,2,2.2192667497620278,1.8304689983779099,2.853370999218896,18.0
1609869002,8,GET,/files/view/10000KB?id=52,2.000000,0.000000,2,2,3,3,3,3,3,3,3,3,3,8,0,2,2.146130249457201,1.7454420012654737,2.6801709973369725,18.0
1609869002,8,GET,/files/view/10000KB?id=53,2.000000,0.000000,2,3,3,3,4,4,4,4,4,4,4,8,0,2,2.398771999651217,1.8937050008389633,3.544129998772405,18.0
1609869002,8,GET,/files/view/10000KB?id=54,2.000000,0.000000,2,2,3,3,4,4,4,4,4,4,4,8,0,2,2.5601601255402784,1.68823700005305,4.135047001909697,18.0
1609869002,8,GET,/files/view/10000KB?id=55,2.000000,0.000000,3,3,3,3,3,3,3,3,3,3,3,8,0,2,2.461658374613762,1.8525319974287413,3.097972999967169,18.0
1609869002,8,GET,/files/view/10000KB?id=56,2.000000,0.000000,3,3,3,3,6,6,6,6,6,6,6,8,0,2,2.89272837471799,1.8127969997294713,6.0062749980716035,18.0
1609869002,8,GET,/files/view/10000KB?id=57,2.000000,0.000000,3,3,3,3,3,3,3,3,3,3,3,8,0,2,2.5104489986915723,1.8962549984280486,3.21262299985392,18.0
1609869002,8,GET,/files/view/10000KB?id=58,2.000000,0.000000,2,3,3,3,5,5,5,5,5,5,5,8,0,2,2.661580374933692,1.9699199983733706,5.296870000165654,18.0
1609869002,8,GET,/files/view/10000KB?id=59,2.000000,0.000000,2,3,3,3,4,4,4,4,4,4,4,8,0,2,2.512839625524066,1.7915050011652056,3.718119998666225,18.0
1609869002,8,GET,/files/view/10000KB?id=6,2.000000,0.000000,2,3,3,3,4,4,4,4,4,4,4,8,0,2,2.5135126252280315,1.9367950008017942,3.8459909992525354,17.0
1609869002,8,GET,/files/view/10000KB?id=60,2.000000,0.000000,2,3,3,3,4,4,4,4,4,4,4,8,0,2.137331997801084,2.578951000032248,2.137331997801084,3.640480998001294,18.0
1609869002,8,GET,/files/view/10000KB?id=61,2.000000,0.000000,2,3,3,3,5,5,5,5,5,5,5,8,0,2,2.7185131248188554,1.880415999039542,4.857528998400085,18.0
1609869002,8,GET,/files/view/10000KB?id=62,2.000000,0.000000,2,2,2,2,6,6,6,6,6,6,6,8,0,2,2.6683134997256275,1.871683998615481,5.567359999986365,18.0
1609869002,8,GET,/files/view/10000KB?id=63,2.000000,0.000000,2,2,3,3,3,3,3,3,3,3,3,8,0,2,2.3296667504837387,1.7371419999108184,3.024337001988897,18.0
1609869002,8,GET,/files/view/10000KB?id=64,2.000000,0.000000,2,3,3,3,4,4,4,4,4,4,4,8,0,2,2.548858250520425,1.7817459993239027,3.671780003060121,18.0
1609869002,8,GET,/files/view/10000KB?id=65,2.000000,0.000000,2,3,3,3,3,3,3,3,3,3,3,8,0,2,2.4843266255629715,1.7713030028971843,3.2645320025039837,18.0
1609869002,8,GET,/files/view/10000KB?id=66,2.000000,0.000000,2,3,3,3,8,8,8,8,8,8,8,8,0,2,3.1688253748143325,1.8700159998843446,8.413012001255993,18.0
1609869002,8,GET,/files/view/10000KB?id=67,2.000000,0.000000,2,2,2,2,3,3,3,3,3,3,3,8,0,2,2.271878376177483,1.7758640024112538,2.9013640014454722,18.0
1609869002,8,GET,/files/view/10000KB?id=68,2.000000,0.000000,2,4,5,5,11,11,11,11,11,11,11,8,0,2,3.8298956246762828,1.8398319989501033,10.971129999234108,18.0
1609869002,8,GET,/files/view/10000KB?id=69,2.000000,0.000000,2,3,3,3,4,4,4,4,4,4,4,8,0,2,2.695808625958307,1.7824570022639818,4.182395001407713,18.0
1609869002,8,GET,/files/view/10000KB?id=7,2.000000,0.000000,2,3,4,4,4,4,4,4,4,4,4,8,0,2,2.7104521250294056,1.92372899982729,4.136424999160226,17.0
1609869002,8,GET,/files/view/10000KB?id=70,2.000000,0.000000,2,3,3,3,6,6,6,6,6,6,6,8,0,2,2.6616099999046128,1.8776979995891452,5.533760999242077,18.0
1609869002,8,GET,/files/view/10000KB?id=71,2.000000,0.000000,2,3,3,3,4,4,4,4,4,4,4,8,0,2,2.448939999794675,1.6987909984891303,3.884013000060804,18.0
1609869002,8,GET,/files/view/10000KB?id=72,2.000000,0.000000,2,2,3,3,3,3,3,3,3,3,3,8,0,2,2.3150175002228934,1.812957001675386,3.3007669990183786,18.0
1609869002,8,GET,/files/view/10000KB?id=73,2.000000,0.000000,3,3,3,3,6,6,6,6,6,6,6,8,0,2,2.8404360009517404,1.8598030001157895,6.438660002459073,18.0
1609869002,8,GET,/files/view/10000KB?id=74,2.000000,0.000000,3,3,3,3,9,9,9,9,9,9,9,8,0,2,3.2365806250709284,1.8483370004105382,8.544152002286864,18.0
1609869002,8,GET,/files/view/10000KB?id=75,2.000000,0.000000,2,3,3,3,5,5,5,5,5,5,5,8,0,2,2.659151624811784,1.8434119992889464,5.1579629980551545,18.0
1609869002,8,GET,/files/view/10000KB?id=76,2.000000,0.000000,3,4,5,5,5,5,5,5,5,5,5,8,0,2,3.153864499836345,1.9779709982685745,5.085148997750366,18.0
1609869002,8,GET,/files/view/10000KB?id=77,2.000000,0.000000,3,3,3,3,5,5,5,5,5,5,5,8,0,2,2.871602124741912,1.956247000634903,5.022659999667667,18.0
1609869002,8,GET,/files/view/10000KB?id=78,2.000000,0.000000,3,3,4,4,5,5,5,5,5,5,5,8,0,2,2.8876268752355827,1.6436340010841377,4.722257999674184,18.0
1609869002,8,GET,/files/view/10000KB?id=79,2.000000,0.000000,3,3,3,3,5,5,5,5,5,5,5,8,0,2,2.69716512548257,1.6916899985517375,4.895764999673702,18.0
1609869002,8,GET,/files/view/10000KB?id=8,2.000000,0.000000,2,2,3,3,4,4,4,4,4,4,4,8,0,2,2.444255000227713,1.9719539996003732,4.084965003130492,17.0
1609869002,8,GET,/files/view/10000KB?id=80,2.000000,0.000000,3,3,4,4,6,6,6,6,6,6,6,8,0,2,2.8612069991140743,1.85231199793634,5.7305189984617755,18.0
1609869002,8,GET,/files/view/10000KB?id=81,2.000000,0.000000,3,3,3,3,4,4,4,4,4,4,4,8,0,2,2.5187058759001957,1.8164120010624174,3.5397500032559037,18.0
1609869002,8,GET,/files/view/10000KB?id=82,2.000000,0.000000,2,2,3,3,4,4,4,4,4,4,4,8,0,2,2.2969292504058103,1.6764729989517946,3.5287099999550264,18.0
1609869002,8,GET,/files/view/10000KB?id=83,2.000000,0.000000,2,3,3,3,4,4,4,4,4,4,4,8,0,2,2.4448208750982303,1.8114109989255667,3.986295996583067,18.0
1609869002,8,GET,/files/view/10000KB?id=84,2.000000,0.000000,3,3,4,4,5,5,5,5,5,5,5,8,0,2,2.8254077501514985,1.7706159997032955,5.3544750007858966,18.0
1609869002,8,GET,/files/view/10000KB?id=85,2.000000,0.000000,2,2,3,3,4,4,4,4,4,4,4,8,0,2,2.459488624936057,1.7703760022413917,4.071594998094952,18.0
1609869002,8,GET,/files/view/10000KB?id=86,2.000000,0.000000,2,2,4,4,5,5,5,5,5,5,5,8,0,2,2.563938749517547,1.784061998478137,4.597920000378508,18.0
1609869002,8,GET,/files/view/10000KB?id=87,2.000000,0.000000,2,3,3,3,4,4,4,4,4,4,4,8,0,2,2.3954243747539294,1.6629120000288822,3.577997998945648,18.0
1609869002,8,GET,/files/view/10000KB?id=88,2.000000,0.000000,2,4,6,6,7,7,7,7,7,7,7,8,0,2,3.3306010000160313,1.7528900025354233,6.8652209993160795,18.0
1609869002,8,GET,/files/view/10000KB?id=89,1.000000,0.000000,3,3,4,4,4,4,4,4,4,4,4,8,0,2,2.5982226252381224,1.7436160014767665,4.078436999407131,18.0
1609869002,8,GET,/files/view/10000KB?id=9,2.000000,0.000000,3,3,3,3,4,4,4,4,4,4,4,8,0,2,2.5908527500178025,1.855056998465443,3.918483002053108,17.0
1609869002,8,GET,/files/view/10000KB?id=90,1.000000,0.000000,2,3,3,3,4,4,4,4,4,4,4,8,0,2,2.4346842501472565,1.8330790007894393,3.51125400266028,18.0
1609869002,8,GET,/files/view/10000KB?id=91,1.000000,0.000000,2,2,2,2,15,15,15,15,15,15,15,8,0,2,3.761605250019784,1.821617999667069,15.34778699715389,18.0
1609869002,8,GET,/files/view/10000KB?id=92,1.000000,0.000000,2,2,3,3,4,4,4,4,4,4,4,8,0,2,2.2335495004881523,1.692619000095874,3.526247000991134,18.0
1609869002,8,GET,/files/view/10000KB?id=93,1.000000,0.000000,2,2,3,3,4,4,4,4,4,4,4,8,0,2,2.3038000003907655,1.709287000267068,3.7140640015422832,18.0
1609869002,8,GET,/files/view/10000KB?id=94,1.000000,0.000000,2,2,2,2,5,5,5,5,5,5,5,8,0,2,2.320940875051747,1.6865079996932764,5.258648001472466,18.0
1609869002,8,GET,/files/view/10000KB?id=95,1.000000,0.000000,2,2,3,3,4,4,4,4,4,4,4,8,0,2,2.318991999800346,1.7445410012442153,4.024937999929534,18.0
1609869002,8,GET,/files/view/10000KB?id=96,1.000000,0.000000,2,2,3,3,5,5,5,5,5,5,5,8,0,2,2.4213570000028994,1.706421000562841,4.562987996905576,18.0
1609869002,8,GET,/files/view/10000KB?id=97,1.000000,0.000000,2,2,5,5,16,16,16,16,16,16,16,8,0,2,3.9800495005692937,1.6412080003647134,16.074620001745643,18.0
1609869002,8,GET,/files/view/10000KB?id=98,1.000000,0.000000,2,3,3,3,4,4,4,4,4,4,4,8,0,2,2.3962252512319537,1.748595001117792,3.774742002860876,18.0
1609869002,8,GET,/files/view/10000KB?id=99,1.000000,0.000000,2,3,3,3,7,7,7,7,7,7,7,8,0,2,2.8496103750512702,1.6636979999020696,6.778618997486774,18.0
1609869002,8,,Aggregated,189.000000,0.000000,2,3,3,3,4,5,7,13,170,170,170,800,0,2,2.9453459525893777,1.6110449978441466,169.01720399982878,17.9
1609869003,11,GET,/files/view/10000KB?id=0,2.000000,0.000000,5,5,5,5,6,17,17,17,17,17,17,11,0,5,5.6564229096032,3.7436730017361697,16.768301000411157,17.0
1609869003,11,GET,/files/view/10000KB?id=1,2.000000,0.000000,3,3,3,3,4,4,4,4,4,4,4,11,0,3,2.8129636362295556,1.9731239990505856,4.141937002714258,17.0
1609869003,11,GET,/files/view/10000KB?id=10,2.000000,0.000000,2,3,3,3,3,4,4,4,4,4,4,11,0,2,2.4366033639208498,1.7345209998893552,3.5855240021192003,18.0
1609869003,11,GET,/files/view/10000KB?id=11,2.000000,0.000000,2,2,2,2,3,4,4,4,4,4,4,11,0,2,2.2969345458973707,1.8038620000879746,3.590563002944691,18.0
1609869003,11,GET,/files/view/10000KB?id=12,2.000000,0.000000,2,3,3,3,3,3,3,3,3,3,3,11,0,2,2.2945294559494043,1.7402610028511845,3.114973002084298,18.0
1609869003,11,GET,/files/view/10000KB?id=13,2.000000,0.000000,2,3,3,3,3,4,4,4,4,4,4,11,0,2,2.5092349090052513,1.8869999985327013,3.8475439978356007,18.0
1609869003,11,GET,/files/view/10000KB?id=14,2.000000,0.000000,3,3,4,4,4,4,4,4,4,4,4,11,0,3,2.9294905457804403,1.9082569997408427,4.4348949995765,18.0
1609869003,11,GET,/files/view/10000KB?id=15,2.000000,0.000000,2,3,3,3,3,6,6,6,6,6,6,11,0,2,2.7527686367896176,1.9227939992561005,6.285507999564288,18.0
1609869003,11,GET,/files/view/10000KB?id=16,2.000000,0.000000,2,3,3,3,3,8,8,8,8,8,8,11,0,2,2.7987596364586023,1.800987000024179,7.670972001506016,18.0
1609869003,11,GET,/files/view/10000KB?id=17,2.000000,0.000000,2,2,3,3,3,5,5,5,5,5,5,11,0,2,2.475297636423916,1.8009279992838856,5.090901999210473,18.0
1609869003,11,GET,/files/view/10000KB?id=18,2.000000,0.000000,2,2,2,2,3,4,4,4,4,4,4,11,0,2,2.3119011824416122,1.706304003164405,4.1528920010023285,18.0
1609869003,11,GET,/files/view/10000KB?id=19,2.000000,0.000000,2,2,3,3,3,4,4,4,4,4,4,11,0,2,2.5468807279222263,1.737005000904901,4.37233900083811,18.0
1609869003,11,GET,/files/view/10000KB?id=2,2.000000,0.000000,2,3,3,3,3,4,4,4,4,4,4,11,0,2,2.5794182732748925,1.7440060000808444,4.366942001070129,17.0
1609869003,11,GET,/files/view/10000KB?id=20,2.000000,0.000000,2,2,2,2,4,5,5,5,5,5,5,11,0,2,2.564928091570354,1.6110449978441466,4.6008790013729595,18.0
1609869003,11,GET,/files/view/10000KB?id=21,2.000000,0.000000,2,2,3,3,4,4,4,4,4,4,4,11,0,2,2.4463745447230227,1.7165860008390155,4.354503998911241,18.0
1609869003,11,GET,/files/view/10000KB?id=22,2.000000,0.000000,2,2,2,2,3,4,4,4,4,4,4,11,0,2,2.366854181838624,1.7980419979721773,3.5402080029598437,18.0
1609869003,11,GET,/files/view/10000KB?id=23,2.000000,0.000000,2,2,2,2,3,4,4,4,4,4,4,11,0,2,2.3197620903374627,1.5892029987298883,3.6595419987861533,18.0
1609869003,11,GET,/files/view/10000KB?id=24,2.000000,0.000000,2,3,3,3,3,4,4,4,4,4,4,11,0,2,2.437695272171616,1.5944209990266245,4.342796000855742,18.0
1609869003,11,GET,/files/view/10000KB?id=25,2.000000,0.000000,2,3,3,3,5,5,5,5,5,5,5,11,0,2,2.695729091514791,1.6298680020554457,4.858261003391817,18.0
1609869003,11,GET,/files/view/10000KB?id=26,2.000000,0.000000,2,2,3,3,4,4,4,4,4,4,4,11,0,2,2.3412190904227,1.687777999904938,3.9260980011022184,18.0
1609869003,11,GET,/files/view/10000KB?id=27,2.000000,0.000000,2,3,3,3,3,4,4,4,4,4,4,11,0,2,2.3408471821643286,1.71377800143091,3.8927680034248624,18.0
1609869003,11,GET,/files/view/10000KB?id=28,2.000000,0.000000,2,3,3,3,3,9,9,9,9,9,9,11,0,2,2.7617794535630806,1.684849998127902,8.642632998089539,18.0
1609869003,11,GET,/files/view/10000KB?id=29,2.000000,0.000000,2,3,3,3,4,7,7,7,7,7,7,11,0,2,2.8576460913014174,1.6864360004547052,6.892200002766913,18.0
1609869003,11,GET,/files/view/10000KB?id=3,2.000000,0.000000,2,3,3,3,5,15,15,15,15,15,15,11,0,2,3.849721364200708,1.8446690010023303,15.254532998369541,17.0
1609869003,11,GET,/files/view/10000KB?id=30,2.000000,0.000000,2,3,3,3,3,4,4,4,4,4,4,11,0,2,2.39501200022377,1.6337269989890046,3.5661469992191996,18.0
1609869003,11,GET,/files/view/10000KB?id=31,2.000000,0.000000,2,3,3,3,5,18,18,18,18,18,18,11,0,2,3.8403394540761258,1.7767200006346684,17.868996001197957,18.0
1609869003,11,GET,/files/view/10000KB?id=32,2.000000,0.000000,2,2,2,2,3,11,11,11,11,11,11,11,0,2,2.920646545548648,1.7948739987332374,10.673752000002423,18.0
1609869003,11,GET,/files/view/10000KB?id=33,2.000000,0.000000,2,2,2,2,3,21,21,21,21,21,21,11,0,2,3.8722767269725655,1.786461998563027,20.88719899984426,18.0
1609869003,11,GET,/files/view/10000KB?id=34,2.000000,0.000000,2,2,2,2,3,5,5,5,5,5,5,11,0,2,2.4922279996892693,1.702651999949012,5.127084001287585,18.0
1609869003,11,GET,/files/view/10000KB?id=35,2.000000,0.000000,2,2,2,2,3,7,7,7,7,7,7,11,0,2,2.581942455104912,1.6843930025061127,7.1680479995848145,18.0
1609869003,11,GET,/files/view/10000KB?id=36,2.000000,0.000000,2,2,2,2,3,3,3,3,3,3,3,11,0,2,2.1025970910903364,1.7204809992108494,2.731474000029266,18.0
1609869003,11,GET,/files/view/10000KB?id=37,2.000000,0.000000,2,2,3,3,3,3,3,3,3,3,3,11,0,2,2.154735727262133,1.6505589992448222,2.9284970005392097,18.0
1609869003,11,GET,/files/view/10000KB?id=38,2.000000,0.000000,2,2,3,3,3,3,3,3,3,3,3,11,0,2,2.262158091484294,1.6175880009541288,3.3049890007532667,18.0
1609869003,11,GET,/files/view/10000KB?id=39,2.000000,0.000000,3,3,3,3,3,3,3,3,3,3,3,11,0,3,2.521728000085039,1.7315969998890068,3.429960001085419,18.0
1609869003,11,GET,/files/view/10000KB?id=4,2.000000,0.000000,3,3,3,3,5,170,170,170,170,170,170,11,0,3,17.78808863640403,1.8689800017455127,169.01720399982878,17.0
1609869003,11,GET,/files/view/10000KB?id=40,2.000000,0.000000,2,2,3,3,3,3,3,3,3,3,3,11,0,2,2.1959530911937524,1.6337400011252612,2.859401996829547,18.0
1609869003,11,GET,/files/view/10000KB?id=41,2.000000,0.000000,2,2,3,3,3,3,3,3,3,3,3,11,0,2,2.1540599991567433,1.6463130014017224,3.3427899979869835,18.0
1609869003,11,GET,/files/view/10000KB?id=42,2.000000,0.000000,2,2,2,2,2,3,3,3,3,3,3,11,0,2,2.0845372729871254,1.7323370011581574,3.276527000707574,18.0
1609869003,11,GET,/files/view/10000KB?id=43,2.000000,0.000000,2,3,3,3,13,13,13,13,13,13,13,11,0,2,4.215671727499946,1.8124330017599277,13.272972999402555,18.0
1609869003,11,GET,/files/view/10000KB?id=44,2.000000,0.000000,2,2,3,3,3,4,4,4,4,4,4,11,0,2,2.3615649092376274,1.5546989998256322,3.8104829982330557,18.0
1609869003,11,GET,/files/view/10000KB?id=45,2.000000,0.000000,2,2,2,2,3,4,4,4,4,4,4,11,0,2,2.2755592726753093,1.6568790015298873,4.3047639992437325,18.0
1609869003,11,GET,/files/view/10000KB?id=46,2.000000,0.000000,2,2,3,3,3,4,4,4,4,4,4,11,0,2,2.3543644548970573,1.6522369987796992,3.773744003410684,18.0
1609869003,11,GET,/files/view/10000KB?id=47,2.000000,0.000000,2,2,2,2,3,3,3,3,3,3,3,11,0,2,2.2919635448488407,1.7548409996379633,3.4771220016409643,18.0
1609869003,11,GET,/files/view/10000KB?id=48,2.000000,0.000000,2,3,3,3,3,3,3,3,3,3,3,11,0,2,2.311534545614532,1.695939001365332,3.28443100079312,18.0
1609869003,11,GET,/files/view/10000KB?id=49,2.000000,0.000000,2,2,2,2,2,5,5,5,5,5,5,11,0,2,2.365171635822414,1.5983949997462332,5.322715998772765,18.0
1609869003,11,GET,/files/view/10000KB?id=5,2.000000,0.000000,3,3,4,4,4,13,13,13,13,13,13,11,0,3,3.69233836318017,1.9745350000448525,12.692364001850365,17.0
1609869003,11,GET,/files/view/10000KB?id=50,2.000000,0.000000,2,2,3,3,3,4,4,4,4,4,4,11,0,2,2.2996567270390433,1.637714998651063,3.7682789989048615,18.0
1609869003,11,GET,/files/view/10000KB?id=51,2.000000,0.000000,2,2,2,2,3,3,3,3,3,3,3,11,0,2,2.087906363488979,1.5787410011398606,2.853370999218896,18.0
1609869003,11,GET,/files/view/10000KB?id=52,2.000000,0.000000,2,2,3,3,3,3,3,3,3,3,3,11,0,2,2.1183569088779306,1.6836100003274623,2.6801709973369725,18.0
1609869003,11,GET,/files/view/10000KB?id=53,2.000000,0.000000,2,3,3,3,3,4,4,4,4,4,4,11,0,2,2.4633049995992966,1.67329299802077,3.544129998772405,18.0
1609869003,11,GET,/files/view/10000KB?id=54,2.000000,0.000000,2,2,3,3,4,6,6,6,6,6,6,11,0,2,2.69438536435535,1.6298050031764433,5.543788000068162,18.0
1609869003,11,GET,/files/view/10000KB?id=55,2.000000,0.000000,2,3,3,3,3,3,3,3,3,3,3,11,0,2,2.4034005450217095,1.7465229975641705,3.097972999967169,18.0
1609869003,11,GET,/files/view/10000KB?id=56,2.000000,0.000000,2,3,3,3,3,6,6,6,6,6,6,11,0,2,2.719202636481813,1.5773480008647311,6.0062749980716035,18.0
1609869003,11,GET,/files/view/10000KB?id=57,2.000000,0.000000,2,3,3,3,3,3,3,3,3,3,3,11,0,2,2.4227189080027696,1.834047998272581,3.21262299985392,18.0
1609869003,11,GET,/files/view/10000KB?id=58,2.000000,0.000000,2,3,3,3,3,5,5,5,5,5,5,11,0,2,2.5031303633692334,1.7493640007160138,5.296870000165654,18.0
1609869003,11,GET,/files/view/10000KB?id=59,2.000000,0.000000,2,3,3,3,4,4,4,4,4,4,4,11,0,2,2.519400091180366,1.7915050011652056,3.718119998666225,18.0
1609869003,11,GET,/files/view/10000KB?id=6,2.000000,0.000000,2,3,3,3,3,4,4,4,4,4,4,11,0,2,2.5010150003998373,1.9367950008017942,3.8459909992525354,17.0
1609869003,11,GET,/files/view/10000KB?id=60,2.000000,0.000000,2,3,3,3,4,6,6,6,6,6,6,11,0,2,2.761780000252078,1.8380910005362239,5.663989999447949,18.0
1609869003,11,GET,/files/view/10000KB?id=61,2.000000,0.000000,2,3,3,3,3,5,5,5,5,5,5,11,0,2,2.701941545224558,1.5961299977789167,4.857528998400085,18.0
1609869003,11,GET,/files/view/10000KB?id=62,2.000000,0.000000,2,2,3,3,4,6,6,6,6,6,6,11,0,2,2.6633433636478996,1.6152120006154291,5.567359999986365,18.0
1609869003,11,GET,/files/view/10000KB?id=63,2.000000,0.000000,2,3,3,3,3,4,4,4,4,4,4,11,0,2,2.4521657280936116,1.642252002056921,3.836506999505218,18.0
1609869003,11,GET,/files/view/10000KB?id=64,2.000000,0.000000,2,2,3,3,3,4,4,4,4,4,4,11,0,2,2.372591091195566,1.644384999963222,3.671780003060121,18.0
1609869003,11,GET,/files/view/10000KB?id=65,2.000000,0.000000,2,3,3,3,3,4,4,4,4,4,4,11,0,2,2.513982364524219,1.7713030028971843,4.02114300231915,18.0
1609869003,11,GET,/files/view/10000KB?id=66,2.000000,0.000000,2,3,3,3,3,8,8,8,8,8,8,11,0,2,2.8433779999349182,1.674858998740092,8.413012001255993,18.0
1609869003,11,GET,/files/view/10000KB?id=67,2.000000,0.000000,2,2,2,2,2,3,3,3,3,3,3,11,0,2,2.2086768192159734,1.7758640024112538,2.9013640014454722,18.0
1609869003,11,GET,/files/view/10000KB?id=68,2.000000,0.000000,2,4,5,5,11,18,18,18,18,18,18,11,0,2,4.813353636233263,1.6379619992221706,17.85704500071006,18.0
1609869003,11,GET,/files/view/10000KB?id=69,2.000000,0.000000,2,2,3,3,3,4,4,4,4,4,4,11,0,2,2.494088000689358,1.7411120024917182,4.182395001407713,18.0
1609869003,11,GET,/files/view/10000KB?id=7,2.000000,0.000000,2,2,3,3,4,4,4,4,4,4,4,11,0,2,2.5451714543371717,1.92372899982729,4.136424999160226,17.0
1609869003,11,GET,/files/view/10000KB?id=70,2.000000,0.000000,2,2,3,3,3,6,6,6,6,6,6,11,0,2,2.501206454326166,1.8284090001543518,5.533760999242077,18.0
1609869003,11,GET,/files/view/10000KB?id=71,2.000000,0.000000,2,3,3,3,3,4,4,4,4,4,4,11,0,2,2.347081817953784,1.568821997352643,3.884013000060804,18.0
1609869003,11,GET,/files/view/10000KB?id=72,2.000000,0.000000,2,2,3,3,3,3,3,3,3,3,3,11,0,2,2.3214544549277476,1.6859999996086117,3.3219670003745705,18.0
1609869003,11,GET,/files/view/10000KB?id=73,2.000000,0.000000,2,3,3,3,6,9,9,9,9,9,9,11,0,2,3.2038861827459186,1.6696560014679562,8.977362998848548,18.0
1609869003,11,GET,/files/view/10000KB?id=74,2.000000,0.000000,2,3,3,3,3,9,9,9,9,9,9,11,0,2,2.8768799093086272,1.7202720009663608,8.544152002286864,18.0
1609869003,11,GET,/files/view/10000KB?id=75,2.000000,0.000000,2,2,3,3,3,5,5,5,5,5,5,11,0,2,2.472937727526931,1.7095809998863842,5.1579629980551545,18.0
1609869003,11,GET,/files/view/10000KB?id=76,2.000000,0.000000,2,3,4,4,5,5,5,5,5,5,5,11,0,2,2.810006272987018,1.6287260004901327,5.085148997750366,18.0
1609869003,11,GET,/files/view/10000KB?id=77,2.000000,0.000000,2,3,3,3,3,5,5,5,5,5,5,11,0,2,2.643442181579303,1.8780229984258767,5.022659999667667,18.0
1609869003,11,GET,/files/view/10000KB?id=78,2.000000,0.000000,2,3,3,3,4,5,5,5,5,5,5,11,0,2,2.685464636835439,1.5234490019793157,4.722257999674184,18.0
1609869003,11,GET,/files/view/10000KB?id=79,2.000000,0.000000,3,3,3,3,3,5,5,5,5,5,5,11,0,3,2.629049545992695,1.6916899985517375,4.895764999673702,18.0
1609869003,11,GET,/files/view/10000KB?id=8,2.000000,0.000000,2,2,3,3,3,4,4,4,4,4,4,11,0,2,2.401751909598137,1.9719539996003732,4.084965003130492,17.0
1609869003,11,GET,/files/view/10000KB?id=80,2.000000,0.000000,2,3,3,3,4,6,6,6,6,6,6,11,0,2,2.7670976358587556,1.6201840007852297,5.7305189984617755,18.0
1609869003,11,GET,/files/view/10000KB?id=81,2.000000,0.000000,2,3,3,3,3,4,4,4,4,4,4,11,0,2,2.4047668190508955,1.6235530019912403,3.5397500032559037,18.0
1609869003,11,GET,/files/view/10000KB?id=82,2.000000,0.000000,2,2,3,3,4,5,5,5,5,5,5,11,0,2,2.4429145457609347,1.6764729989517946,4.509005000727484,18.0
1609869003,11,GET,/files/view/10000KB?id=83,2.000000,0.000000,2,3,3,3,3,4,4,4,4,4,4,11,0,2,2.3824471817616457,1.6320840004482307,3.986295996583067,18.0
1609869003,11,GET,/files/view/10000KB?id=84,2.000000,0.000000,2,3,3,3,4,5,5,5,5,5,5,11,0,2,2.6496190002944786,1.6321639996021986,5.3544750007858966,18.0
1609869003,11,GET,/files/view/10000KB?id=85,2.000000,0.000000,2,3,3,3,3,4,4,4,4,4,4,11,0,2,2.4962877270643897,1.689038999757031,4.071594998094952,18.0
1609869003,11,GET,/files/view/10000KB?id=86,2.000000,0.000000,2,2,3,3,4,5,5,5,5,5,5,11,0,2,2.4138401812789114,1.5659720011171885,4.597920000378508,18.0
1609869003,11,GET,/files/view/10000KB?id=87,2.000000,0.000000,2,2,3,3,3,4,4,4,4,4,4,11,0,2,2.2357919085400435,1.6629120000288822,3.577997998945648,18.0
1609869003,11,GET,/files/view/10000KB?id=88,2.000000,0.000000,2,2,4,4,6,7,7,7,7,7,7,11,0,2,2.9040645455428273,1.6397090003010817,6.8652209993160795,18.0
1609869003,11,GET,/files/view/10000KB?id=89,2.000000,0.000000,2,3,3,3,4,4,4,4,4,4,4,11,0,2,2.3886718180702617,1.731590000417782,4.078436999407131,18.0
1609869003,11,GET,/files/view/10000KB?id=9,2.000000,0.000000,2,3,3,3,3,4,4,4,4,4,4,11,0,2,2.430136908845849,1.855056998465443,3.918483002053108,17.0
1609869003,11,GET,/files/view/10000KB?id=90,2.000000,0.000000,2,3,3,3,4,140,140,140,140,140,140,11,0,2,14.933012000255985,1.7352329996356275,140.76308400035487,18.0
1609869003,11,GET,/files/view/10000KB?id=91,2.000000,0.000000,2,2,2,2,15,15,15,15,15,15,15,10,0,2,3.3992617998592323,1.673179998761043,15.34778699715389,18.0
1609869003,11,GET,/files/view/10000KB?id=92,2.000000,0.000000,2,2,2,3,4,4,4,4,4,4,4,10,0,2,2.188812700478593,1.692619000095874,3.526247000991134,18.0
1609869003,11,GET,/files/view/10000KB?id=93,2.000000,0.000000,2,2,3,3,4,4,4,4,4,4,4,10,0,2,2.370680600506603,1.709287000267068,3.7140640015422832,18.0
1609869003,11,GET,/files/view/10000KB?id=94,2.000000,0.000000,2,2,2,5,5,5,5,5,5,5,5,10,0,2,2.5138155000604456,1.6865079996932764,5.258648001472466,18.0
1609869003,11,GET,/files/view/10000KB?id=95,2.000000,0.000000,2,2,2,3,4,4,4,4,4,4,4,10,0,2,2.2838049997517373,1.7445410012442153,4.024937999929534,18.0
1609869003,11,GET,/files/view/10000KB?id=96,2.000000,0.000000,2,2,2,3,5,5,5,5,5,5,5,10,0,2,2.3553947001346387,1.706421000562841,4.562987996905576,18.0
1609869003,11,GET,/files/view/10000KB?id=97,2.000000,0.000000,2,2,3,5,16,16,16,16,16,16,16,10,0,2,3.6118166008236585,1.6412080003647134,16.074620001745643,18.0
1609869003,11,GET,/files/view/10000KB?id=98,2.000000,0.000000,2,3,3,3,4,4,4,4,4,4,4,10,0,2,2.3995889012439875,1.6699000007065479,3.774742002860876,18.0
1609869003,11,GET,/files/view/10000KB?id=99,2.000000,0.000000,2,3,3,4,7,7,7,7,7,7,7,10,0,2,2.8761280998878647,1.6636979999020696,6.778618997486774,18.0
1609869003,11,,Aggregated,200.000000,0.000000,2,2,3,3,4,5,7,13,140,170,170,1091,0,2,2.912636096353449,1.5234490019793157,169.01720399982878,17.89917506874427
1609869004,14,GET,/files/view/10000KB?id=0,2.333333,0.000000,4,5,5,5,6,17,17,17,17,17,17,14,0,4,5.279395214529359,3.483084998151753,16.768301000411157,17.0
1609869004,14,GET,/files/view/10000KB?id=1,2.333333,0.000000,3,3,3,3,4,4,4,4,4,4,4,14,0,3,2.63480778552808,1.7020199993567076,4.141937002714258,17.0
1609869004,14,GET,/files/view/10000KB?id=10,2.333333,0.000000,2,3,3,3,3,4,4,4,4,4,4,14,0,2,2.321396786231032,1.7345209998893552,3.5855240021192003,18.0
1609869004,14,GET,/files/view/10000KB?id=11,2.333333,0.000000,2,2,2,2,3,4,4,4,4,4,4,14,0,2,2.185605999849421,1.702767996903276,3.590563002944691,18.0
1609869004,14,GET,/files/view/10000KB?id=12,2.333333,0.000000,2,2,3,3,3,3,3,3,3,3,3,14,0,2,2.204212715306702,1.7402610028511845,3.114973002084298,18.0
1609869004,14,GET,/files/view/10000KB?id=13,2.333333,0.000000,2,2,3,3,3,4,4,4,4,4,4,14,0,2,2.3587600714693377,1.7542269997647963,3.8475439978356007,18.0
1609869004,14,GET,/files/view/10000KB?id=14,2.333333,0.000000,2,3,3,4,4,4,4,4,4,4,4,14,0,2,2.6896485716341494,1.6362999995180871,4.4348949995765,18.0
1609869004,14,GET,/files/view/10000KB?id=15,2.333333,0.000000,2,2,3,3,3,6,6,6,6,6,6,14,0,2,2.5562136431420055,1.6775749973021448,6.285507999564288,18.0
1609869004,14,GET,/files/view/10000KB?id=16,2.333333,0.000000,2,2,3,3,3,8,8,8,8,8,8,14,0,2,2.652207357251817,1.8005359997914638,7.670972001506016,18.0
1609869004,14,GET,/files/view/10000KB?id=17,2.333333,0.000000,2,2,2,3,3,5,5,5,5,5,5,14,0,2,2.3316264999136496,1.6442229971289635,5.090901999210473,18.0
1609869004,14,GET,/files/view/10000KB?id=18,2.333333,0.000000,2,2,2,2,3,4,4,4,4,4,4,14,0,2,2.204527285877183,1.6648790006001946,4.1528920010023285,18.0
1609869004,14,GET,/files/view/10000KB?id=19,2.333333,0.000000,2,2,2,3,3,4,4,4,4,4,4,14,0,2,2.4181009292598383,1.7363090009894222,4.37233900083811,18.0
1609869004,14,GET,/files/view/10000KB?id=2,2.333333,0.000000,2,2,3,3,3,4,4,4,4,4,4,14,0,2,2.4307675004300626,1.7328200010524597,4.366942001070129,17.0
1609869004,14,GET,/files/view/10000KB?id=20,2.333333,0.000000,2,2,2,2,4,5,5,5,5,5,5,14,0,2,2.440133214674591,1.6110449978441466,4.6008790013729595,18.0
1609869004,14,GET,/files/view/10000KB?id=21,2.333333,0.000000,2,2,2,3,4,4,4,4,4,4,4,14,0,2,2.3153306423669813,1.7106689992942847,4.354503998911241,18.0
1609869004,14,GET,/files/view/10000KB?id=22,2.333333,0.000000,2,2,2,2,3,4,4,4,4,4,4,14,0,2,2.2491074287245283,1.6510250025021378,3.5402080029598437,18.0
1609869004,14,GET,/files/view/10000KB?id=23,2.333333,0.000000,2,2,2,3,3,4,4,4,4,4,4,14,0,2,2.3444230708784226,1.5892029987298883,3.6595419987861533,18.0
1609869004,14,GET,/files/view/10000KB?id=24,2.333333,0.000000,2,3,3,3,3,4,4,4,4,4,4,14,0,2,2.3453017851612197,1.5944209990266245,4.342796000855742,18.0
1609869004,14,GET,/files/view/10000KB?id=25,2.333333,0.000000,2,2,3,3,5,5,5,5,5,5,5,14,0,2,2.524868785777861,1.6298680020554457,4.858261003391817,18.0
1609869004,14,GET,/files/view/10000KB?id=26,2.333333,0.000000,2,2,2,3,4,4,4,4,4,4,4,14,0,2,2.2513779284573894,1.687777999904938,3.9260980011022184,18.0
1609869004,14,GET,/files/view/10000KB?id=27,2.333333,0.000000,2,2,3,3,3,4,4,4,4,4,4,14,0,2,2.2360035000019707,1.628412999707507,3.8927680034248624,18.0
1609869004,14,GET,/files/view/10000KB?id=28,2.333333,0.000000,2,2,3,3,3,9,9,9,9,9,9,14,0,2,2.5520348564376554,1.684849998127902,8.642632998089539,18.0
1609869004,14,GET,/files/view/10000KB?id=29,2.333333,0.000000,2,2,3,3,4,7,7,7,7,7,7,14,0,2,2.642445857158496,1.638825997360982,6.892200002766913,18.0
1609869004,14,GET,/files/view/10000KB?id=3,2.333333,0.000000,2,3,3,3,5,15,15,15,15,15,15,14,0,2,3.4654100002496437,1.8446690010023303,15.254532998369541,17.0
1609869004,14,GET,/files/view/10000KB?id=30,2.333333,0.000000,2,2,3,3,3,4,4,4,4,4,4,14,0,2,2.233141642916183,1.5589889990224037,3.5661469992191996,18.0
1609869004,14,GET,/files/view/10000KB?id=31,2.333333,0.000000,2,2,3,3,5,18,18,18,18,18,18,14,0,2,3.3914705709321424,1.6340030015271623,17.868996001197957,18.0
1609869004,14,GET,/files/view/10000KB?id=32,2.333333,0.000000,2,2,2,2,3,11,11,11,11,11,11,14,0,2,2.706510714363373,1.764836000802461,10.673752000002423,18.0
1609869004,14,GET,/files/view/10000KB?id=33,2.333333,0.000000,2,2,2,2,3,21,21,21,21,21,21,14,0,2,3.4134064995409323,1.7173539999930654,20.88719899984426,18.0
1609869004,14,GET,/files/view/10000KB?id=34,2.000000,0.000000,2,2,2,2,3,5,5,5,5,5,5,14,0,2,2.305144785558306,1.5743299991299864,5.127084001287585,18.0
1609869004,14,GET,/files/view/10000KB?id=35,2.000000,0.000000,2,2,2,2,3,7,7,7,7,7,7,14,0,2,2.4503468578456835,1.61891500101774,7.1680479995848145,18.0
1609869004,14,GET,/files/view/10000KB?id=36,2.000000,0.000000,2,2,2,2,3,3,3,3,3,3,3,14,0,2,2.007654571571038,1.5504299990425352,2.731474000029266,18.0
1609869004,14,GET,/files/view/10000KB?id=37,2.000000,0.000000,2,2,3,3,3,3,3,3,3,3,3,14,0,2,2.1382379997833465,1.6328419987985399,2.9284970005392097,18.0
1609869004,14,GET,/files/view/10000KB?id=38,2.000000,0.000000,2,2,2,3,3,3,3,3,3,3,3,14,0,2,2.161554285911344,1.6175880009541288,3.3049890007532667,18.0
1609869004,14,GET,/files/view/10000KB?id=39,2.000000,0.000000,2,3,3,3,3,3,3,3,3,3,3,14,0,2,2.357871000120732,1.6205419997277204,3.429960001085419,18.0
1609869004,14,GET,/files/view/10000KB?id=4,2.333333,0.000000,2,3,3,3,5,170,170,170,170,170,170,14,0,2,14.38617264284403,1.8689800017455127,169.01720399982878,17.0
1609869004,14,GET,/files/view/10000KB?id=40,2.000000,0.000000,2,2,2,3,3,3,3,3,3,3,3,14,0,2,2.1110377859128806,1.6337400011252612,2.859401996829547,18.0
1609869004,14,GET,/files/view/10000KB?id=41,2.000000,0.000000,2,2,3,3,3,3,3,3,3,3,3,14,0,2,2.1523829278261735,1.6463130014017224,3.3427899979869835,18.0
1609869004,14,GET,/files/view/10000KB?id=42,2.000000,0.000000,2,2,2,2,3,3,3,3,3,3,3,14,0,2,2.144492643180586,1.641337999899406,3.449831001489656,18.0
1609869004,14,GET,/files/view/10000KB?id=43,2.000000,0.000000,2,2,3,3,13,13,13,13,13,13,13,14,0,2,3.6846397859855125,1.6851660002430435,13.272972999402555,18.0
1609869004,14,GET,/files/view/10000KB?id=44,2.000000,0.000000,2,2,2,3,3,4,4,4,4,4,4,14,0,2,2.2105907142499097,1.5546989998256322,3.8104829982330557,18.0
1609869004,14,GET,/files/view/10000KB?id=45,2.000000,0.000000,2,2,2,2,3,4,4,4,4,4,4,14,0,2,2.15675699993361,1.6568790015298873,4.3047639992437325,18.0
1609869004,14,GET,/files/view/10000KB?id=46,2.000000,0.000000,2,2,2,3,3,4,4,4,4,4,4,14,0,2,2.250581285937057,1.6522369987796992,3.773744003410684,18.0
1609869004,14,GET,/files/view/10000KB?id=47,2.000000,0.000000,2,2,2,2,3,3,3,3,3,3,3,14,0,2,2.161313785109087,1.5809910000825766,3.4771220016409643,18.0
1609869004,14,GET,/files/view/10000KB?id=48,2.000000,0.000000,2,2,3,3,3,3,3,3,3,3,3,14,0,2,2.2190582855858207,1.695939001365332,3.28443100079312,18.0
1609869004,14,GET,/files/view/10000KB?id=49,2.000000,0.000000,2,2,2,2,2,5,5,5,5,5,5,14,0,2,2.2721541427017655,1.5983949997462332,5.322715998772765,18.0
1609869004,14,GET,/files/view/10000KB?id=5,2.333333,0.000000,2,3,3,4,4,13,13,13,13,13,13,14,0,2,3.2899437852133167,1.7412209999747574,12.692364001850365,17.0
1609869004,14,GET,/files/view/10000KB?id=50,2.000000,0.000000,2,2,2,3,3,4,4,4,4,4,4,14,0,2,2.186649357099668,1.637714998651063,3.7682789989048615,18.0
1609869004,14,GET,/files/view/10000KB?id=51,2.000000,0.000000,2,2,2,2,3,3,3,3,3,3,3,14,0,2,2.0257876427162307,1.5787410011398606,2.853370999218896,18.0
1609869004,14,GET,/files/view/10000KB?id=52,2.000000,0.000000,2,2,2,3,3,3,3,3,3,3,3,14,0,2,2.064458428191886,1.6836100003274623,2.6801709973369725,18.0
1609869004,14,GET,/files/view/10000KB?id=53,2.000000,0.000000,2,3,3,3,3,4,4,4,4,4,4,14,0,2,2.3642657849580115,1.67329299802077,3.544129998772405,18.0
1609869004,14,GET,/files/view/10000KB?id=54,2.000000,0.000000,2,2,2,3,4,6,6,6,6,6,6,14,0,2,2.4949186434761423,1.6298050031764433,5.543788000068162,18.0
1609869004,14,GET,/files/view/10000KB?id=55,2.000000,0.000000,2,3,3,3,3,3,3,3,3,3,3,14,0,2,2.327541499783235,1.6707959985069465,3.097972999967169,18.0
1609869004,14,GET,/files/view/10000KB?id=56,2.000000,0.000000,2,3,3,3,3,6,6,6,6,6,6,14,0,2,2.5317900716410286,1.5773480008647311,6.0062749980716035,18.0
1609869004,14,GET,/files/view/10000KB?id=57,2.000000,0.000000,2,2,3,3,3,3,3,3,3,3,3,14,0,2,2.3613957850362306,1.834047998272581,3.21262299985392,18.0
1609869004,14,GET,/files/view/10000KB?id=58,2.000000,0.000000,2,3,3,3,3,5,5,5,5,5,5,13,0,2,2.438656846117318,1.6323870004271157,5.296870000165654,18.0
1609869004,14,GET,/files/view/10000KB?id=59,2.000000,0.000000,2,2,3,3,4,4,4,4,4,4,4,13,0,2,2.406929462057843,1.6763320018071681,3.718119998666225,18.0
1609869004,14,GET,/files/view/10000KB?id=6,2.333333,0.000000,2,3,3,3,3,4,4,4,4,4,4,14,0,2,2.3825171431651273,1.773612999386387,3.8459909992525354,17.0
1609869004,14,GET,/files/view/10000KB?id=60,2.000000,0.000000,2,2,3,3,4,6,6,6,6,6,6,13,0,2,2.645804154151567,1.7616240002098493,5.663989999447949,18.0
1609869004,14,GET,/files/view/10000KB?id=61,2.000000,0.000000,2,3,3,3,3,5,5,5,5,5,5,13,0,2,2.561615230381274,1.5961299977789167,4.857528998400085,18.0
1609869004,14,GET,/files/view/10000KB?id=62,2.000000,0.000000,2,2,2,3,4,6,6,6,6,6,6,13,0,2,2.5271146153569974,1.6152120006154291,5.567359999986365,18.0
1609869004,14,GET,/files/view/10000KB?id=63,2.000000,0.000000,2,2,3,3,3,4,4,4,4,4,4,13,0,2,2.3360502315112033,1.642252002056921,3.836506999505218,18.0
1609869004,14,GET,/files/view/10000KB?id=64,2.000000,0.000000,2,2,2,3,3,4,4,4,4,4,4,13,0,2,2.2746175384851925,1.644384999963222,3.671780003060121,18.0
1609869004,14,GET,/files/view/10000KB?id=65,2.000000,0.000000,2,2,3,3,3,4,4,4,4,4,4,13,0,2,2.3955943081371234,1.6658889981044922,4.02114300231915,18.0
1609869004,14,GET,/files/view/10000KB?id=66,2.000000,0.000000,2,3,3,3,3,8,8,8,8,8,8,13,0,2,2.736526769205319,1.674858998740092,8.413012001255993,18.0
1609869004,14,GET,/files/view/10000KB?id=67,2.000000,0.000000,2,2,2,2,2,3,3,3,3,3,3,13,0,2,2.1693552318118656,1.7476950015407056,2.9013640014454722,18.0
1609869004,14,GET,/files/view/10000KB?id=68,2.000000,0.000000,2,3,4,5,11,18,18,18,18,18,18,13,0,2,4.373873999541572,1.6379619992221706,17.85704500071006,18.0
1609869004,14,GET,/files/view/10000KB?id=69,2.000000,0.000000,2,2,2,3,3,4,4,4,4,4,4,13,0,2,2.4351584624337894,1.7411120024917182,4.182395001407713,18.0
1609869004,14,GET,/files/view/10000KB?id=7,2.333333,0.000000,2,2,2,3,4,4,4,4,4,4,4,14,0,2,2.40450149976823,1.7850549993454479,4.136424999160226,17.0
1609869004,14,GET,/files/view/10000KB?id=70,2.000000,0.000000,2,2,2,3,3,6,6,6,6,6,6,13,0,2,2.3791689230935074,1.7049220004992094,5.533760999242077,18.0
1609869004,14,GET,/files/view/10000KB?id=71,2.000000,0.000000,2,2,3,3,3,4,4,4,4,4,4,13,0,2,2.284884153386184,1.568821997352643,3.884013000060804,18.0
1609869004,14,GET,/files/view/10000KB?id=72,2.000000,0.000000,2,2,2,3,3,3,3,3,3,3,3,13,0,2,2.241168308011346,1.6859999996086117,3.3219670003745705,18.0
1609869004,14,GET,/files/view/10000KB?id=73,2.000000,0.000000,2,3,3,3,6,9,9,9,9,9,9,13,0,2,2.9974795394921854,1.6414680030720774,8.977362998848548,18.0
1609869004,14,GET,/files/view/10000KB?id=74,2.000000,0.000000,2,2,3,3,3,9,9,9,9,9,9,13,0,2,2.709013307769335,1.7202720009663608,8.544152002286864,18.0
1609869004,14,GET,/files/view/10000KB?id=75,2.000000,0.000000,2,2,3,3,3,5,5,5,5,5,5,13,0,2,2.443244076857809,1.7095809998863842,5.1579629980551545,18.0
1609869004,14,GET,/files/view/10000KB?id=76,2.000000,0.000000,2,2,3,4,5,5,5,5,5,5,5,13,0,2,2.6861158464900936,1.6287260004901327,5.085148997750366,18.0
1609869004,14,GET,/files/view/10000KB?id=77,2.000000,0.000000,2,2,3,3,3,5,5,5,5,5,5,13,0,2,2.5307865381854264,1.8699370011745486,5.022659999667667,18.0
1609869004,14,GET,/files/view/10000KB?id=78,2.000000,0.000000,2,3,3,3,4,5,5,5,5,5,5,13,0,2,2.548756462112159,1.5234490019793157,4.722257999674184,18.0
1609869004,14,GET,/files/view/10000KB?id=79,2.000000,0.000000,3,3,3,3,3,5,5,5,5,5,5,13,0,3,2.559857077218252,1.6916899985517375,4.895764999673702,18.0
1609869004,14,GET,/files/view/10000KB?id=8,2.333333,0.000000,2,2,2,3,3,4,4,4,4,4,4,14,0,2,2.281919929113688,1.6729919989302289,4.084965003130492,17.0
1609869004,14,GET,/files/view/10000KB?id=80,2.000000,0.000000,2,3,3,3,4,6,6,6,6,6,6,13,0,2,2.611600692034699,1.5725220000604168,5.7305189984617755,18.0
1609869004,14,GET,/files/view/10000KB?id=81,2.000000,0.000000,2,3,3,3,3,4,4,4,4,4,4,13,0,2,2.317492462260326,1.6235530019912403,3.5397500032559037,18.0
1609869004,14,GET,/files/view/10000KB?id=82,2.000000,0.000000,2,2,2,3,4,5,5,5,5,5,5,13,0,2,2.3816625387273516,1.6764729989517946,4.509005000727484,18.0
1609869004,14,GET,/files/view/10000KB?id=83,2.000000,0.000000,2,2,3,3,3,4,4,4,4,4,4,13,0,2,2.3251704613078172,1.6320840004482307,3.986295996583067,18.0
1609869004,14,GET,/files/view/10000KB?id=84,2.000000,0.000000,2,3,3,3,4,5,5,5,5,5,5,13,0,2,2.5261467694340705,1.6321639996021986,5.3544750007858966,18.0
1609869004,14,GET,/files/view/10000KB?id=85,2.000000,0.000000,2,2,3,3,3,4,4,4,4,4,4,13,0,2,2.400119076740409,1.689038999757031,4.071594998094952,18.0
1609869004,14,GET,/files/view/10000KB?id=86,2.000000,0.000000,2,2,2,3,4,5,5,5,5,5,5,13,0,2,2.329181537788827,1.5659720011171885,4.597920000378508,18.0
1609869004,14,GET,/files/view/10000KB?id=87,2.000000,0.000000,2,2,2,3,3,4,4,4,4,4,4,13,0,2,2.203059691685037,1.6629120000288822,3.577997998945648,18.0
1609869004,14,GET,/files/view/10000KB?id=88,2.000000,0.000000,2,2,2,4,6,7,7,7,7,7,7,13,0,2,2.746842846066172,1.6397090003010817,6.8652209993160795,18.0
1609869004,14,GET,/files/view/10000KB?id=89,2.000000,0.000000,2,2,3,3,4,4,4,4,4,4,4,13,0,2,2.330382076951747,1.731590000417782,4.078436999407131,18.0
1609869004,14,GET,/files/view/10000KB?id=9,2.333333,0.000000,2,2,3,3,3,4,4,4,4,4,4,14,0,2,2.299119285193488,1.6753319978306536,3.918483002053108,17.0
1609869004,14,GET,/files/view/10000KB?id=90,2.000000,0.000000,2,2,3,3,4,140,140,140,140,140,140,13,0,2,12.923530000150025,1.7352329996356275,140.76308400035487,18.0
1609869004,14,GET,/files/view/10000KB?id=91,2.000000,0.000000,2,2,2,2,11,15,15,15,15,15,15,13,0,2,3.7279635384598246,1.673179998761043,15.34778699715389,18.0
1609869004,14,GET,/files/view/10000KB?id=92,2.000000,0.000000,2,2,2,2,3,4,4,4,4,4,4,13,0,2,2.114266154071979,1.692619000095874,3.526247000991134,18.0
1609869004,14,GET,/files/view/10000KB?id=93,2.000000,0.000000,2,2,3,3,3,4,4,4,4,4,4,13,0,2,2.320436923372864,1.709287000267068,3.7140640015422832,18.0
1609869004,14,GET,/files/view/10000KB?id=94,2.000000,0.000000,2,2,2,2,5,5,5,5,5,5,5,13,0,2,2.343066692097077,1.6865079996932764,5.258648001472466,18.0
1609869004,14,GET,/files/view/10000KB?id=95,2.000000,0.000000,2,2,2,3,3,4,4,4,4,4,4,13,0,2,2.2879578458601966,1.7445410012442153,4.024937999929534,18.0
1609869004,14,GET,/files/view/10000KB?id=96,2.000000,0.000000,2,2,2,3,3,5,5,5,5,5,5,13,0,2,2.3076286922262694,1.706421000562841,4.562987996905576,18.0
1609869004,14,GET,/files/view/10000KB?id=97,2.000000,0.000000,2,2,2,3,5,16,16,16,16,16,16,13,0,2,3.2346552316784463,1.6412080003647134,16.074620001745643,18.0
1609869004,14,GET,/files/view/10000KB?id=98,2.000000,0.000000,2,2,3,3,3,4,4,4,4,4,4,13,0,2,2.2949876164113028,1.6699000007065479,3.774742002860876,18.0
1609869004,14,GET,/files/view/10000KB?id=99,2.000000,0.000000,2,2,3,3,4,7,7,7,7,7,7,13,0,2,2.659009769279062,1.6636979999020696,6.778618997486774,18.0
1609869004,14,,Aggregated,211.333333,0.000000,2,2,3,3,3,4,6,11,140,170,170,1358,0,2,2.7244128270014887,1.5234490019793157,169.01720399982878,17.896907216494846
1609869005,16,GET,/files/view/10000KB?id=0,2.250000,0.000000,4,5,5,5,6,17,17,17,17,17,17,16,0,4,5.123261437574911,3.483084998151753,16.768301000411157,17.0
1609869005,16,GET,/files/view/10000KB?id=1,2.250000,0.000000,3,3,3,3,4,4,4,4,4,4,4,16,0,2,2.5789255626023078,1.7020199993567076,4.141937002714258,17.0
1609869005,16,GET,/files/view/10000KB?id=10,2.250000,0.000000,2,2,3,3,3,4,4,4,4,4,4,16,0,2,2.2468751881206117,1.7032850009854883,3.5855240021192003,18.0
1609869005,16,GET,/files/view/10000KB?id=11,2.250000,0.000000,2,2,2,2,3,4,4,4,4,4,4,16,0,2,2.139689937393996,1.702767996903276,3.590563002944691,18.0
1609869005,16,GET,/files/view/10000KB?id=12,2.250000,0.000000,2,2,3,3,3,3,3,3,3,3,3,16,0,2,2.150317250880107,1.7402610028511845,3.114973002084298,18.0
1609869005,16,GET,/files/view/10000KB?id=13,2.250000,0.000000,2,2,3,3,3,4,4,4,4,4,4,16,0,2,2.303034499846035,1.7542269997647963,3.8475439978356007,18.0
1609869005,16,GET,/files/view/10000KB?id=14,2.250000,0.000000,2,3,3,3,4,4,4,4,4,4,4,16,0,2,2.6072235625633766,1.6362999995180871,4.4348949995765,18.0
1609869005,16,GET,/files/view/10000KB?id=15,2.250000,0.000000,2,2,3,3,3,6,6,6,6,6,6,16,0,2,2.4568263127093815,1.6775749973021448,6.285507999564288,18.0
1609869005,16,GET,/files/view/10000KB?id=16,2.250000,0.000000,2,2,3,3,3,8,8,8,8,8,8,16,0,2,2.5629675624259107,1.8005359997914638,7.670972001506016,18.0
1609869005,16,GET,/files/view/10000KB?id=17,2.250000,0.000000,2,2,2,2,3,5,5,5,5,5,5,16,0,2,2.2581095624900627,1.6442229971289635,5.090901999210473,18.0
1609869005,16,GET,/files/view/10000KB?id=18,2.250000,0.000000,2,2,2,2,3,4,4,4,4,4,4,16,0,2,2.141169750075278,1.6006070000003092,4.1528920010023285,18.0
1609869005,16,GET,/files/view/10000KB?id=19,2.250000,0.000000,2,2,2,2,3,4,4,4,4,4,4,16,0,2,2.3237105631324084,1.6277460017590784,4.37233900083811,18.0
1609869005,16,GET,/files/view/10000KB?id=2,2.250000,0.000000,2,2,3,3,3,4,4,4,4,4,4,16,0,2,2.355595937842736,1.7328200010524597,4.366942001070129,17.0
1609869005,16,GET,/files/view/10000KB?id=20,2.250000,0.000000,2,2,2,2,4,5,5,5,5,5,5,16,0,2,2.3418256250806735,1.6110449978441466,4.6008790013729595,18.0
1609869005,16,GET,/files/view/10000KB?id=21,2.250000,0.000000,2,2,2,2,4,4,4,4,4,4,4,16,0,2,2.232196562090394,1.6186140019271988,4.354503998911241,18.0
1609869005,16,GET,/files/view/10000KB?id=22,2.250000,0.000000,2,2,2,2,3,4,4,4,4,4,4,16,0,2,2.1927343750576256,1.604733999556629,3.5402080029598437,18.0
1609869005,16,GET,/files/view/10000KB?id=23,2.250000,0.000000,2,2,2,2,3,4,4,4,4,4,4,16,0,2,2.2888945618433354,1.5892029987298883,3.6595419987861533,18.0
1609869005,16,GET,/files/view/10000KB?id=24,2.250000,0.000000,2,2,3,3,3,4,4,4,4,4,4,16,0,2,2.3035769370380876,1.5944209990266245,4.342796000855742,18.0
1609869005,16,GET,/files/view/10000KB?id=25,2.250000,0.000000,2,2,3,3,5,5,5,5,5,5,5,16,0,2,2.4437276877051772,1.6298680020554457,4.858261003391817,18.0
1609869005,16,GET,/files/view/10000KB?id=26,2.250000,0.000000,2,2,2,2,4,4,4,4,4,4,4,16,0,2,2.1943426247617026,1.5678159979870543,3.9260980011022184,18.0
1609869005,16,GET,/files/view/10000KB?id=27,2.250000,0.000000,2,2,3,3,3,4,4,4,4,4,4,16,0,2,2.1819801249876036,1.6222509984800126,3.8927680034248624,18.0
1609869005,16,GET,/files/view/10000KB?id=28,2.250000,0.000000,2,2,3,3,3,9,9,9,9,9,9,16,0,2,2.452002874633763,1.6041500020946842,8.642632998089539,18.0
1609869005,16,GET,/files/view/10000KB?id=29,2.250000,0.000000,2,2,3,3,4,7,7,7,7,7,7,16,0,2,2.5291218751135602,1.5927109998301603,6.892200002766913,18.0
1609869005,16,GET,/files/view/10000KB?id=3,2.250000,0.000000,2,2,3,3,5,15,15,15,15,15,15,16,0,2,3.2907155625707674,1.8446690010023303,15.254532998369541,17.0
1609869005,16,GET,/files/view/10000KB?id=30,2.250000,0.000000,2,2,3,3,3,4,4,4,4,4,4,16,0,2,2.196522000076584,1.5589889990224037,3.5661469992191996,18.0
1609869005,16,GET,/files/view/10000KB?id=31,2.250000,0.000000,2,2,3,3,5,18,18,18,18,18,18,16,0,2,3.202988687007746,1.6340030015271623,17.868996001197957,18.0
1609869005,16,GET,/files/view/10000KB?id=32,2.250000,0.000000,2,2,2,2,3,11,11,11,11,11,11,16,0,2,2.5981336250424647,1.764836000802461,10.673752000002423,18.0
1609869005,16,GET,/files/view/10000KB?id=33,2.250000,0.000000,2,2,2,2,3,21,21,21,21,21,21,16,0,2,3.243502937039011,1.7173539999930654,20.88719899984426,18.0
1609869005,16,GET,/files/view/10000KB?id=34,2.250000,0.000000,2,2,2,2,3,5,5,5,5,5,5,16,0,2,2.2742489372831187,1.5743299991299864,5.127084001287585,18.0
1609869005,16,GET,/files/view/10000KB?id=35,2.250000,0.000000,2,2,2,2,3,7,7,7,7,7,7,16,0,2,2.4106086880237854,1.61891500101774,7.1680479995848145,18.0
1609869005,16,GET,/files/view/10000KB?id=36,2.250000,0.000000,2,2,2,2,3,3,3,3,3,3,3,16,0,2,2.0109288750518317,1.5504299990425352,2.731474000029266,18.0
1609869005,16,GET,/files/view/10000KB?id=37,2.250000,0.000000,2,2,3,3,3,3,3,3,3,3,3,16,0,2,2.1023341873842583,1.6328419987985399,2.9284970005392097,18.0
1609869005,16,GET,/files/view/10000KB?id=38,2.250000,0.000000,2,2,2,2,3,3,3,3,3,3,3,16,0,2,2.1268418126965116,1.6175880009541288,3.3049890007532667,18.0
1609869005,16,GET,/files/view/10000KB?id=39,2.250000,0.000000,2,3,3,3,3,3,3,3,3,3,3,16,0,2,2.322023875422019,1.6205419997277204,3.429960001085419,18.0
1609869005,16,GET,/files/view/10000KB?id=4,2.250000,0.000000,2,3,3,3,5,170,170,170,170,170,170,16,0,2,12.825114187535291,1.7510129982838407,169.01720399982878,17.0
1609869005,16,GET,/files/view/10000KB?id=40,2.250000,0.000000,2,2,2,2,3,3,3,3,3,3,3,16,0,2,2.0640488751269004,1.6337400011252612,2.859401996829547,18.0
1609869005,16,GET,/files/view/10000KB?id=41,2.250000,0.000000,2,2,3,3,3,3,3,3,3,3,3,16,0,2,2.1033727493886545,1.6463130014017224,3.3427899979869835,18.0
1609869005,16,GET,/files/view/10000KB?id=42,2.250000,0.000000,2,2,2,2,3,3,3,3,3,3,3,16,0,2,2.122697062759471,1.641337999899406,3.449831001489656,18.0
1609869005,16,GET,/files/view/10000KB?id=43,2.250000,0.000000,2,2,3,3,13,13,13,13,13,13,13,16,0,2,3.4634760627341166,1.6851660002430435,13.272972999402555,18.0
1609869005,16,GET,/files/view/10000KB?id=44,2.250000,0.000000,2,2,2,2,3,4,4,4,4,4,4,16,0,2,2.1497832499335345,1.5546989998256322,3.8104829982330557,18.0
1609869005,16,GET,/files/view/10000KB?id=45,2.250000,0.000000,2,2,2,2,3,4,4,4,4,4,4,16,0,2,2.1029158124292735,1.6568790015298873,4.3047639992437325,18.0
1609869005,16,GET,/files/view/10000KB?id=46,2.250000,0.000000,2,2,2,2,3,4,4,4,4,4,4,16,0,2,2.204589500252041,1.6522369987796992,3.773744003410684,18.0
1609869005,16,GET,/files/view/10000KB?id=47,2.250000,0.000000,2,2,2,2,3,3,3,3,3,3,3,16,0,2,2.1210503116435575,1.5809910000825766,3.4771220016409643,18.0
1609869005,16,GET,/files/view/10000KB?id=48,2.250000,0.000000,2,2,3,3,3,3,3,3,3,3,3,16,0,2,2.203251812261442,1.6548579988011625,3.28443100079312,18.0
1609869005,16,GET,/files/view/10000KB?id=49,2.250000,0.000000,2,2,2,2,2,5,5,5,5,5,5,16,0,2,2.1940460624136904,1.5983949997462332,5.322715998772765,18.0
1609869005,16,GET,/files/view/10000KB?id=5,2.250000,0.000000,2,3,3,3,4,13,13,13,13,13,13,16,0,2,3.125989124555417,1.6538380004931241,12.692364001850365,17.0
1609869005,16,GET,/files/view/10000KB?id=50,2.250000,0.000000,2,2,2,2,3,4,4,4,4,4,4,16,0,2,2.1755034374564275,1.637714998651063,3.7682789989048615,18.0
1609869005,16,GET,/files/view/10000KB?id=51,2.250000,0.000000,2,2,2,2,3,3,3,3,3,3,3,16,0,2,1.9861531247897801,1.5107729996088892,2.853370999218896,18.0
1609869005,16,GET,/files/view/10000KB?id=52,2.250000,0.000000,2,2,2,2,3,3,3,3,3,3,3,16,0,2,2.027857249686349,1.659940000536153,2.6801709973369725,18.0
1609869005,16,GET,/files/view/10000KB?id=53,2.250000,0.000000,2,3,3,3,3,4,4,4,4,4,4,16,0,2,2.279068186680888,1.6430519972345792,3.544129998772405,18.0
1609869005,16,GET,/files/view/10000KB?id=54,2.250000,0.000000,2,2,2,2,4,6,6,6,6,6,6,16,0,2,2.410641438245875,1.6298050031764433,5.543788000068162,18.0
1609869005,16,GET,/files/view/10000KB?id=55,2.250000,0.000000,2,3,3,3,3,3,3,3,3,3,3,16,0,2,2.2655958746327087,1.5993729975889437,3.097972999967169,18.0
1609869005,16,GET,/files/view/10000KB?id=56,2.250000,0.000000,2,2,3,3,3,6,6,6,6,6,6,16,0,2,2.4418868126758753,1.5773480008647311,6.0062749980716035,18.0
1609869005,16,GET,/files/view/10000KB?id=57,2.250000,0.000000,2,2,3,3,3,3,3,3,3,3,3,16,0,2,2.282427561794975,1.4921939982741605,3.21262299985392,18.0
1609869005,16,GET,/files/view/10000KB?id=58,2.250000,0.000000,2,3,3,3,5,10,10,10,10,10,10,16,0,2,2.8579268123394286,1.6194089985219762,10.161995000089519,18.0
1609869005,16,GET,/files/view/10000KB?id=59,2.250000,0.000000,2,2,3,3,4,4,4,4,4,4,4,16,0,2,2.3309314381094737,1.5719729999545962,3.718119998666225,18.0
1609869005,16,GET,/files/view/10000KB?id=6,2.250000,0.000000,2,2,3,3,3,4,4,4,4,4,4,16,0,2,2.32704706286313,1.6497440010425635,3.8459909992525354,17.0
1609869005,16,GET,/files/view/10000KB?id=60,2.250000,0.000000,2,2,3,3,4,6,6,6,6,6,6,16,0,2,2.494072937679448,1.5435220011568163,5.663989999447949,18.0
1609869005,16,GET,/files/view/10000KB?id=61,2.250000,0.000000,2,3,3,3,3,5,5,5,5,5,5,16,0,2,2.476280937116826,1.521682999737095,4.857528998400085,18.0
1609869005,16,GET,/files/view/10000KB?id=62,2.250000,0.000000,2,2,2,2,4,6,6,6,6,6,6,16,0,2,2.4353137498565047,1.6152120006154291,5.567359999986365,18.0
1609869005,16,GET,/files/view/10000KB?id=63,2.250000,0.000000,2,2,3,3,3,4,4,4,4,4,4,16,0,2,2.2396128129003046,1.642252002056921,3.836506999505218,18.0
1609869005,16,GET,/files/view/10000KB?id=64,2.250000,0.000000,2,2,2,2,3,4,4,4,4,4,4,16,0,2,2.192843249986254,1.6235199982475024,3.671780003060121,18.0
1609869005,16,GET,/files/view/10000KB?id=65,2.250000,0.000000,2,2,3,3,3,4,4,4,4,4,4,16,0,2,2.3401426878990605,1.616092002223013,4.02114300231915,18.0
1609869005,16,GET,/files/view/10000KB?id=66,2.250000,0.000000,2,3,3,3,4,8,8,8,8,8,8,16,0,2,2.647738500172636,1.5817070016055368,8.413012001255993,18.0
1609869005,16,GET,/files/view/10000KB?id=67,2.250000,0.000000,2,2,2,2,2,3,3,3,3,3,3,16,0,2,2.103841313328303,1.6733949996705633,2.9013640014454722,18.0
1609869005,16,GET,/files/view/10000KB?id=68,2.250000,0.000000,2,2,4,4,11,18,18,18,18,18,18,16,0,2,3.886064936978073,1.6379619992221706,17.85704500071006,18.0
1609869005,16,GET,/files/view/10000KB?id=69,2.250000,0.000000,2,2,2,2,3,4,4,4,4,4,4,16,0,2,2.3125058758068917,1.7065210013242904,4.182395001407713,18.0
1609869005,16,GET,/files/view/10000KB?id=7,2.250000,0.000000,2,2,2,2,4,4,4,4,4,4,4,16,0,2,2.3591137498897297,1.751034000335494,4.136424999160226,17.0
1609869005,16,GET,/files/view/10000KB?id=70,2.250000,0.000000,2,2,2,2,3,6,6,6,6,6,6,16,0,2,2.2586687500734115,1.6794580005807802,5.533760999242077,18.0
1609869005,16,GET,/files/view/10000KB?id=71,2.250000,0.000000,2,2,3,3,3,4,4,4,4,4,4,16,0,2,2.1907039372308645,1.568821997352643,3.884013000060804,18.0
1609869005,16,GET,/files/view/10000KB?id=72,2.250000,0.000000,2,2,2,2,3,3,3,3,3,3,3,16,0,2,2.1449130629207502,1.6717880025680643,3.3219670003745705,18.0
1609869005,16,GET,/files/view/10000KB?id=73,2.250000,0.000000,2,2,3,3,6,9,9,9,9,9,9,16,0,2,2.7669848761888716,1.6414680030720774,8.977362998848548,18.0
1609869005,16,GET,/files/view/10000KB?id=74,2.250000,0.000000,2,2,3,3,3,9,9,9,9,9,9,16,0,2,2.5441644377224293,1.654223000514321,8.544152002286864,18.0
1609869005,16,GET,/files/view/10000KB?id=75,2.250000,0.000000,2,2,3,3,3,5,5,5,5,5,5,16,0,2,2.318415624813497,1.7095809998863842,5.1579629980551545,18.0
1609869005,16,GET,/files/view/10000KB?id=76,2.250000,0.000000,2,2,3,3,5,5,5,5,5,5,5,16,0,2,2.4914423752306902,1.6287260004901327,5.085148997750366,18.0
1609869005,16,GET,/files/view/10000KB?id=77,2.250000,0.000000,2,2,3,3,3,5,5,5,5,5,5,16,0,2,2.384432687449589,1.581276002980303,5.022659999667667,18.0
1609869005,16,GET,/files/view/10000KB?id=78,2.250000,0.000000,2,2,3,3,4,5,5,5,5,5,5,16,0,2,2.416331063159305,1.5234490019793157,4.722257999674184,18.0
1609869005,16,GET,/files/view/10000KB?id=79,2.250000,0.000000,2,3,3,3,3,5,5,5,5,5,5,16,0,2,2.425010312890663,1.6916899985517375,4.895764999673702,18.0
1609869005,16,GET,/files/view/10000KB?id=8,2.250000,0.000000,2,2,2,2,3,4,4,4,4,4,4,16,0,2,2.222252938281599,1.6729919989302289,4.084965003130492,17.0
1609869005,16,GET,/files/view/10000KB?id=80,2.250000,0.000000,2,2,3,3,4,6,6,6,6,6,6,16,0,2,2.440877562321475,1.5725220000604168,5.7305189984617755,18.0
1609869005,16,GET,/files/view/10000KB?id=81,2.250000,0.000000,2,2,3,3,3,4,4,4,4,4,4,16,0,2,2.2126697506337223,1.6235530019912403,3.5397500032559037,18.0
1609869005,16,GET,/files/view/10000KB?id=82,2.250000,0.000000,2,2,2,2,4,5,5,5,5,5,5,16,0,2,2.271564062766629,1.6242020028585102,4.509005000727484,18.0
1609869005,16,GET,/files/view/10000KB?id=83,2.250000,0.000000,2,2,3,3,3,4,4,4,4,4,4,16,0,2,2.214112812453095,1.6320840004482307,3.986295996583067,18.0
1609869005,16,GET,/files/view/10000KB?id=84,2.250000,0.000000,2,3,3,3,4,5,5,5,5,5,5,16,0,2,2.468380500204148,1.6321639996021986,5.3544750007858966,18.0
1609869005,16,GET,/files/view/10000KB?id=85,2.250000,0.000000,2,2,3,3,3,4,4,4,4,4,4,16,0,2,2.3031078123949555,1.6491710011905525,4.071594998094952,18.0
1609869005,16,GET,/files/view/10000KB?id=86,2.250000,0.000000,2,2,2,2,4,5,5,5,5,5,5,16,0,2,2.2197069993126206,1.5659720011171885,4.597920000378508,18.0
1609869005,16,GET,/files/view/10000KB?id=87,2.250000,0.000000,2,2,2,2,3,4,4,4,4,4,4,16,0,2,2.1356949371238443,1.6629120000288822,3.577997998945648,18.0
1609869005,16,GET,/files/view/10000KB?id=88,2.250000,0.000000,2,2,2,2,6,7,7,7,7,7,7,16,0,2,2.585079124855838,1.622425999812549,6.8652209993160795,18.0
1609869005,16,GET,/files/view/10000KB?id=89,2.250000,0.000000,2,2,3,3,4,4,4,4,4,4,4,16,0,2,2.2355776875429,1.731590000417782,4.078436999407131,18.0
1609869005,16,GET,/files/view/10000KB?id=9,2.250000,0.000000,2,2,3,3,3,4,4,4,4,4,4,16,0,2,2.249253436957588,1.6753319978306536,3.918483002053108,17.0
1609869005,16,GET,/files/view/10000KB?id=90,2.250000,0.000000,2,2,3,3,4,140,140,140,140,140,140,16,0,2,10.84848506252456,1.6581620002398267,140.76308400035487,18.0
1609869005,16,GET,/files/view/10000KB?id=91,2.250000,0.000000,2,2,2,2,11,15,15,15,15,15,15,16,0,2,3.4556898749542597,1.673179998761043,15.34778699715389,18.0
1609869005,16,GET,/files/view/10000KB?id=92,2.250000,0.000000,2,2,2,2,3,4,4,4,4,4,4,16,0,2,2.062631750050059,1.5528500007349066,3.526247000991134,18.0
1609869005,16,GET,/files/view/10000KB?id=93,2.250000,0.000000,2,2,3,3,3,4,4,4,4,4,4,16,0,2,2.23303375037176,1.5003689986770041,3.7140640015422832,18.0
1609869005,16,GET,/files/view/10000KB?id=94,2.250000,0.000000,2,2,2,2,5,5,5,5,5,5,5,16,0,2,2.326120124962472,1.6865079996932764,5.258648001472466,18.0
1609869005,16,GET,/files/view/10000KB?id=95,2.250000,0.000000,2,2,2,2,3,4,4,4,4,4,4,16,0,2,2.2316617498745472,1.664293999056099,4.024937999929534,18.0
1609869005,16,GET,/files/view/10000KB?id=96,2.250000,0.000000,2,2,2,2,3,5,5,5,5,5,5,16,0,2,2.233493374887985,1.706421000562841,4.562987996905576,18.0
1609869005,16,GET,/files/view/10000KB?id=97,2.250000,0.000000,2,2,2,2,5,16,16,16,16,16,16,16,0,2,2.9594182503842603,1.585635996889323,16.074620001745643,18.0
1609869005,16,GET,/files/view/10000KB?id=98,2.250000,0.000000,2,2,3,3,3,4,4,4,4,4,4,16,0,2,2.1946754382042855,1.6433130003861152,3.774742002860876,18.0
1609869005,16,GET,/files/view/10000KB?id=99,2.250000,0.000000,2,2,3,3,4,7,7,7,7,7,7,16,0,2,2.5181246874126373,1.6387269970437046,6.778618997486774,18.0
1609869005,16,,Aggregated,225.000000,0.000000,2,2,2,3,3,4,6,10,140,170,170,1600,0,2,2.603025429416448,1.4921939982741605,169.01720399982878,17.9
1609869006,19,GET,/files/view/10000KB?id=0,2.400000,0.000000,4,4,5,5,6,17,17,17,17,17,17,19,0,4,4.900285105242419,3.483084998151753,16.768301000411157,17.0
1609869006,19,GET,/files/view/10000KB?id=1,2.400000,0.000000,2,3,3,3,4,4,4,4,4,4,4,19,0,2,2.4900120000606156,1.7020199993567076,4.141937002714258,17.0
1609869006,19,GET,/files/view/10000KB?id=10,2.400000,0.000000,2,2,3,3,3,4,4,4,4,4,4,19,0,2,2.219343053232143,1.6859989991644397,3.5855240021192003,18.0
1609869006,19,GET,/files/view/10000KB?id=11,2.400000,0.000000,2,2,2,2,3,4,4,4,4,4,4,19,0,2,2.112768526306976,1.6764600004535168,3.590563002944691,18.0
1609869006,19,GET,/files/view/10000KB?id=12,2.400000,0.000000,2,2,2,3,3,3,3,3,3,3,3,19,0,2,2.1260817377065235,1.7246589995920658,3.114973002084298,18.0
1609869006,19,GET,/files/view/10000KB?id=13,2.400000,0.000000,2,2,2,3,3,4,4,4,4,4,4,19,0,2,2.2410463155354496,1.5845720008655917,3.8475439978356007,18.0
1609869006,19,GET,/files/view/10000KB?id=14,2.400000,0.000000,2,3,3,3,4,4,4,4,4,4,4,19,0,2,2.5338864212053043,1.6243540012510493,4.4348949995765,18.0
1609869006,19,GET,/files/view/10000KB?id=15,2.400000,0.000000,2,2,3,3,3,6,6,6,6,6,6,19,0,2,2.4095917370256132,1.654032999795163,6.285507999564288,18.0
1609869006,19,GET,/files/view/10000KB?id=16,2.400000,0.000000,2,2,2,3,3,8,8,8,8,8,8,19,0,2,2.5184338944535214,1.8005359997914638,7.670972001506016,18.0
1609869006,19,GET,/files/view/10000KB?id=17,2.400000,0.000000,2,2,2,2,3,5,5,5,5,5,5,19,0,2,2.2340139998720443,1.6442229971289635,5.090901999210473,18.0
1609869006,19,GET,/files/view/10000KB?id=18,2.400000,0.000000,2,2,2,2,3,4,4,4,4,4,4,19,0,2,2.1430725263551147,1.6006070000003092,4.1528920010023285,18.0
1609869006,19,GET,/files/view/10000KB?id=19,2.400000,0.000000,2,2,2,2,3,4,4,4,4,4,4,19,0,2,2.2771876848357926,1.6277460017590784,4.37233900083811,18.0
1609869006,19,GET,/files/view/10000KB?id=2,2.400000,0.000000,2,2,2,3,3,4,4,4,4,4,4,19,0,2,2.2823214215015084,1.6976700026134495,4.366942001070129,17.0
1609869006,19,GET,/files/view/10000KB?id=20,2.400000,0.000000,2,2,2,2,4,5,5,5,5,5,5,19,0,2,2.2897906842684423,1.6110449978441466,4.6008790013729595,18.0
1609869006,19,GET,/files/view/10000KB?id=21,2.400000,0.000000,2,2,2,2,4,4,4,4,4,4,4,19,0,2,2.193847736443307,1.6186140019271988,4.354503998911241,18.0
1609869006,19,GET,/files/view/10000KB?id=22,2.400000,0.000000,2,2,2,2,3,4,4,4,4,4,4,19,0,2,2.117135315768935,1.604733999556629,3.5402080029598437,18.0
1609869006,19,GET,/files/view/10000KB?id=23,2.400000,0.000000,2,2,2,2,3,4,4,4,4,4,4,19,0,2,2.202492894100846,1.5892029987298883,3.6595419987861533,18.0
1609869006,19,GET,/files/view/10000KB?id=24,2.400000,0.000000,2,2,3,3,3,4,4,4,4,4,4,19,0,2,2.20777184164801,1.5944209990266245,4.342796000855742,18.0
1609869006,19,GET,/files/view/10000KB?id=25,2.400000,0.000000,2,2,2,3,5,5,5,5,5,5,5,19,0,2,2.3365665263937494,1.6298680020554457,4.858261003391817,18.0
1609869006,19,GET,/files/view/10000KB?id=26,2.400000,0.000000,2,2,2,2,4,4,4,4,4,4,4,19,0,2,2.1075589471652885,1.5512889985984657,3.9260980011022184,18.0
1609869006,19,GET,/files/view/10000KB?id=27,2.400000,0.000000,2,2,2,3,3,4,4,4,4,4,4,19,0,2,2.1271490525242895,1.6222509984800126,3.8927680034248624,18.0
1609869006,19,GET,/files/view/10000KB?id=28,2.400000,0.000000,2,2,2,3,3,9,9,9,9,9,9,19,0,2,2.3656750521408147,1.6041500020946842,8.642632998089539,18.0
1609869006,19,GET,/files/view/10000KB?id=29,2.400000,0.000000,2,2,2,3,4,7,7,7,7,7,7,19,0,2,2.404999157940773,1.5927109998301603,6.892200002766913,18.0
1609869006,19,GET,/files/view/10000KB?id=3,2.400000,0.000000,2,2,3,3,5,15,15,15,15,15,15,19,0,2,3.086415263265065,1.7420549993403256,15.254532998369541,17.0
1609869006,19,GET,/files/view/10000KB?id=30,2.400000,0.000000,2,2,2,3,3,4,4,4,4,4,4,19,0,2,2.1260581053961927,1.5589889990224037,3.5661469992191996,18.0
1609869006,19,GET,/files/view/10000KB?id=31,2.400000,0.000000,2,2,2,3,5,18,18,18,18,18,18,19,0,2,2.9654691047892956,1.6340030015271623,17.868996001197957,18.0
1609869006,19,GET,/files/view/10000KB?id=32,2.400000,0.000000,2,2,2,2,3,11,11,11,11,11,11,19,0,2,2.4472654737397344,1.6079839988378808,10.673752000002423,18.0
1609869006,19,GET,/files/view/10000KB?id=33,2.400000,0.000000,2,2,2,2,3,21,21,21,21,21,21,19,0,2,3.009287789226571,1.6536210023332387,20.88719899984426,18.0
1609869006,19,GET,/files/view/10000KB?id=34,2.400000,0.000000,2,2,2,2,3,5,5,5,5,5,5,19,0,2,2.1737974734845156,1.5743299991299864,5.127084001287585,18.0
1609869006,19,GET,/files/view/10000KB?id=35,2.400000,0.000000,2,2,2,2,3,7,7,7,7,7,7,19,0,2,2.2913291585083293,1.5180260015768,7.1680479995848145,18.0
1609869006,19,GET,/files/view/10000KB?id=36,2.400000,0.000000,2,2,2,2,3,3,3,3,3,3,3,19,0,2,1.9632020527129306,1.5504299990425352,2.731474000029266,18.0
1609869006,19,GET,/files/view/10000KB?id=37,2.400000,0.000000,2,2,2,3,3,3,3,3,3,3,3,19,0,2,2.042362473538991,1.6317449990310706,2.9284970005392097,18.0
1609869006,19,GET,/files/view/10000KB?id=38,2.400000,0.000000,2,2,2,2,3,3,3,3,3,3,3,19,0,2,2.085526526475166,1.6175880009541288,3.3049890007532667,18.0
1609869006,19,GET,/files/view/10000KB?id=39,2.400000,0.000000,2,2,3,3,3,3,3,3,3,3,3,19,0,2,2.2798022636331887,1.6205419997277204,3.429960001085419,18.0
1609869006,19,GET,/files/view/10000KB?id=4,2.400000,0.000000,2,3,3,3,5,170,170,170,170,170,170,19,0,2,11.138607842057306,1.7269489981117658,169.01720399982878,17.0
1609869006,19,GET,/files/view/10000KB?id=40,2.400000,0.000000,2,2,2,3,3,3,3,3,3,3,3,19,0,2,2.058463947354252,1.6337400011252612,2.859401996829547,18.0
1609869006,19,GET,/files/view/10000KB?id=41,2.400000,0.000000,2,2,2,3,3,3,3,3,3,3,3,19,0,2,2.0631495258145915,1.639166999666486,3.3427899979869835,18.0
1609869006,19,GET,/files/view/10000KB?id=42,2.400000,0.000000,2,2,2,2,3,3,3,3,3,3,3,19,0,2,2.0956922633463124,1.641337999899406,3.449831001489656,18.0
1609869006,19,GET,/files/view/10000KB?id=43,2.400000,0.000000,2,2,3,3,13,13,13,13,13,13,13,19,0,2,3.2765155265224166,1.6851660002430435,13.272972999402555,18.0
1609869006,19,GET,/files/view/10000KB?id=44,2.400000,0.000000,2,2,2,2,3,4,4,4,4,4,4,19,0,2,2.1243506838034496,1.5546989998256322,3.8104829982330557,18.0
1609869006,19,GET,/files/view/10000KB?id=45,2.400000,0.000000,2,2,2,2,3,4,4,4,4,4,4,19,0,2,2.0649694210748604,1.6496310017828364,4.3047639992437325,18.0
1609869006,19,GET,/files/view/10000KB?id=46,2.400000,0.000000,2,2,2,2,3,4,4,4,4,4,4,19,0,2,2.133896684666213,1.6417250008089468,3.773744003410684,18.0
1609869006,19,GET,/files/view/10000KB?id=47,2.400000,0.000000,2,2,2,2,3,3,3,3,3,3,3,19,0,2,2.084394841643332,1.5809910000825766,3.4771220016409643,18.0
1609869006,19,GET,/files/view/10000KB?id=48,2.400000,0.000000,2,2,3,3,3,3,3,3,3,3,3,19,0,2,2.1509325260443517,1.6548579988011625,3.28443100079312,18.0
1609869006,19,GET,/files/view/10000KB?id=49,2.400000,0.000000,2,2,2,2,2,5,5,5,5,5,5,19,0,2,2.1329899473609033,1.5983949997462332,5.322715998772765,18.0
1609869006,19,GET,/files/view/10000KB?id=5,2.400000,0.000000,2,3,3,3,4,13,13,13,13,13,13,19,0,2,2.9646601048481993,1.6300269999192096,12.692364001850365,17.0
1609869006,19,GET,/files/view/10000KB?id=50,2.400000,0.000000,2,2,2,2,3,4,4,4,4,4,4,19,0,2,2.11762110503562,1.637714998651063,3.7682789989048615,18.0
1609869006,19,GET,/files/view/10000KB?id=51,2.400000,0.000000,2,2,2,2,3,3,3,3,3,3,3,19,0,2,1.9501052102944079,1.5107729996088892,2.853370999218896,18.0
1609869006,19,GET,/files/view/10000KB?id=52,2.400000,0.000000,2,2,2,2,3,3,3,3,3,3,3,19,0,2,1.9826295260588125,1.5590840012009721,2.6801709973369725,18.0
1609869006,19,GET,/files/view/10000KB?id=53,2.400000,0.000000,2,2,3,3,3,4,4,4,4,4,4,19,0,2,2.2027815254037515,1.600698997208383,3.544129998772405,18.0
1609869006,19,GET,/files/view/10000KB?id=54,2.400000,0.000000,2,2,2,2,4,6,6,6,6,6,6,19,0,2,2.350455421707777,1.6298050031764433,5.543788000068162,18.0
1609869006,19,GET,/files/view/10000KB?id=55,2.400000,0.000000,2,2,3,3,3,3,3,3,3,3,3,19,0,2,2.186214841984972,1.584789999469649,3.097972999967169,18.0
1609869006,19,GET,/files/view/10000KB?id=56,2.400000,0.000000,2,2,3,3,3,6,6,6,6,6,6,19,0,2,2.3282497369157347,1.5773480008647311,6.0062749980716035,18.0
1609869006,19,GET,/files/view/10000KB?id=57,2.400000,0.000000,2,2,2,3,3,3,3,3,3,3,3,19,0,2,2.2037808414193263,1.4921939982741605,3.21262299985392,18.0
1609869006,19,GET,/files/view/10000KB?id=58,2.400000,0.000000,2,2,3,3,5,10,10,10,10,10,10,19,0,2,2.694606157762648,1.6194089985219762,10.161995000089519,18.0
1609869006,19,GET,/files/view/10000KB?id=59,2.400000,0.000000,2,2,3,3,4,4,4,4,4,4,4,19,0,2,2.2721560530235845,1.5719729999545962,3.718119998666225,18.0
1609869006,19,GET,/files/view/10000KB?id=6,2.400000,0.000000,2,2,3,3,3,4,4,4,4,4,4,19,0,2,2.255254000230803,1.5724279983260203,3.8459909992525354,17.0
1609869006,19,GET,/files/view/10000KB?id=60,2.400000,0.000000,2,2,2,3,4,6,6,6,6,6,6,19,0,2,2.395444737263269,1.5435220011568163,5.663989999447949,18.0
1609869006,19,GET,/files/view/10000KB?id=61,2.400000,0.000000,2,2,3,3,3,5,5,5,5,5,5,19,0,2,2.3815578418802223,1.521682999737095,4.857528998400085,18.0
1609869006,19,GET,/files/view/10000KB?id=62,2.400000,0.000000,2,2,2,2,4,6,6,6,6,6,6,19,0,2,2.3475745263950607,1.5818980027688667,5.567359999986365,18.0
1609869006,19,GET,/files/view/10000KB?id=63,2.400000,0.000000,2,2,2,3,3,4,4,4,4,4,4,19,0,2,2.1693010530725587,1.586775000760099,3.836506999505218,18.0
1609869006,19,GET,/files/view/10000KB?id=64,2.400000,0.000000,2,2,2,2,3,4,4,4,4,4,4,19,0,2,2.1515333156505796,1.6235199982475024,3.671780003060121,18.0
1609869006,19,GET,/files/view/10000KB?id=65,2.400000,0.000000,2,2,3,3,3,4,4,4,4,4,4,19,0,2,2.265388210760552,1.5435419991263188,4.02114300231915,18.0
1609869006,19,GET,/files/view/10000KB?id=66,2.400000,0.000000,2,2,3,3,4,8,8,8,8,8,8,19,0,2,2.535819105296947,1.5817070016055368,8.413012001255993,18.0
1609869006,19,GET,/files/view/10000KB?id=67,2.400000,0.000000,2,2,2,2,2,3,3,3,3,3,3,19,0,2,2.07672573761604,1.6733949996705633,2.9013640014454722,18.0
1609869006,19,GET,/files/view/10000KB?id=68,2.400000,0.000000,2,2,3,4,11,18,18,18,18,18,18,19,0,2,3.5958347363798806,1.6379619992221706,17.85704500071006,18.0
1609869006,19,GET,/files/view/10000KB?id=69,2.400000,0.000000,2,2,2,2,3,4,4,4,4,4,4,19,0,2,2.2594615268309624,1.7065210013242904,4.182395001407713,18.0
1609869006,19,GET,/files/view/10000KB?id=7,2.400000,0.000000,2,2,2,2,4,4,4,4,4,4,4,19,0,2,2.3094958947024824,1.6861299991433043,4.136424999160226,17.0
1609869006,19,GET,/files/view/10000KB?id=70,2.400000,0.000000,2,2,2,2,3,6,6,6,6,6,6,19,0,2,2.207390578788411,1.6794580005807802,5.533760999242077,18.0
1609869006,19,GET,/files/view/10000KB?id=71,2.400000,0.000000,2,2,2,3,3,4,4,4,4,4,4,19,0,2,2.1296976314931126,1.568821997352643,3.884013000060804,18.0
1609869006,19,GET,/files/view/10000KB?id=72,2.400000,0.000000,2,2,2,2,3,3,3,3,3,3,3,19,0,2,2.0882522633320675,1.6189050002139993,3.3219670003745705,18.0
1609869006,19,GET,/files/view/10000KB?id=73,2.400000,0.000000,2,2,3,3,6,9,9,9,9,9,9,19,0,2,2.6742311062040054,1.6414680030720774,8.977362998848548,18.0
1609869006,19,GET,/files/view/10000KB?id=74,2.400000,0.000000,2,2,2,3,3,9,9,9,9,9,9,19,0,2,2.4315264211174124,1.654223000514321,8.544152002286864,18.0
1609869006,19,GET,/files/view/10000KB?id=75,2.400000,0.000000,2,2,2,3,3,5,5,5,5,5,5,19,0,2,2.2237730521929304,1.6695269987394568,5.1579629980551545,18.0
1609869006,19,GET,/files/view/10000KB?id=76,2.400000,0.000000,2,2,2,3,5,5,5,5,5,5,5,19,0,2,2.3653196846058373,1.6287260004901327,5.085148997750366,18.0
1609869006,19,GET,/files/view/10000KB?id=77,2.400000,0.000000,2,2,2,3,3,5,5,5,5,5,5,19,0,2,2.281316789441534,1.581276002980303,5.022659999667667,18.0
1609869006,19,GET,/files/view/10000KB?id=78,2.400000,0.000000,2,2,3,3,4,5,5,5,5,5,5,19,0,2,2.3150291057582333,1.5234490019793157,4.722257999674184,18.0
1609869006,19,GET,/files/view/10000KB?id=79,2.400000,0.000000,2,3,3,3,3,5,5,5,5,5,5,19,0,2,2.3113149474834485,1.6111179975268897,4.895764999673702,18.0
1609869006,19,GET,/files/view/10000KB?id=8,2.400000,0.000000,2,2,2,2,3,4,4,4,4,4,4,19,0,2,2.1795051585573484,1.645526001084363,4.084965003130492,17.0
1609869006,19,GET,/files/view/10000KB?id=80,2.400000,0.000000,2,2,3,3,4,6,6,6,6,6,6,19,0,2,2.3206470528078316,1.5725220000604168,5.7305189984617755,18.0
1609869006,19,GET,/files/view/10000KB?id=81,2.400000,0.000000,2,2,3,3,3,4,4,4,4,4,4,19,0,2,2.1386512639046966,1.6235530019912403,3.5397500032559037,18.0
1609869006,19,GET,/files/view/10000KB?id=82,2.400000,0.000000,2,2,2,2,4,5,5,5,5,5,5,19,0,2,2.1883063686561255,1.6242020028585102,4.509005000727484,18.0
1609869006,19,GET,/files/view/10000KB?id=83,2.400000,0.000000,2,2,2,3,3,4,4,4,4,4,4,19,0,2,2.1592112630299343,1.6320840004482307,3.986295996583067,18.0
1609869006,19,GET,/files/view/10000KB?id=84,2.400000,0.000000,2,2,3,3,4,5,5,5,5,5,5,19,0,2,2.362467368680212,1.6321639996021986,5.3544750007858966,18.0
1609869006,19,GET,/files/view/10000KB?id=85,2.400000,0.000000,2,2,2,3,3,4,4,4,4,4,4,19,0,2,2.206335894650118,1.6491710011905525,4.071594998094952,18.0
1609869006,19,GET,/files/view/10000KB?id=86,2.400000,0.000000,2,2,2,2,4,5,5,5,5,5,5,19,0,2,2.1454105255160307,1.5659720011171885,4.597920000378508,18.0
1609869006,19,GET,/files/view/10000KB?id=87,2.400000,0.000000,2,2,2,2,3,4,4,4,4,4,4,19,0,2,2.07705599945927,1.6629120000288822,3.577997998945648,18.0
1609869006,19,GET,/files/view/10000KB?id=88,2.400000,0.000000,2,2,2,2,6,7,7,7,7,7,7,19,0,2,2.455944526062874,1.622425999812549,6.8652209993160795,18.0
1609869006,19,GET,/files/view/10000KB?id=89,2.400000,0.000000,2,2,2,3,4,4,4,4,4,4,4,19,0,2,2.1800042105544555,1.731590000417782,4.078436999407131,18.0
1609869006,19,GET,/files/view/10000KB?id=9,2.400000,0.000000,2,2,2,3,3,4,4,4,4,4,4,19,0,2,2.1975387363023686,1.6395370003010612,3.918483002053108,17.0
1609869006,19,GET,/files/view/10000KB?id=90,2.400000,0.000000,2,2,2,3,4,140,140,140,140,140,140,19,0,2,9.425059473678152,1.6581620002398267,140.76308400035487,18.0
1609869006,19,GET,/files/view/10000KB?id=91,2.400000,0.000000,2,2,2,2,11,15,15,15,15,15,15,19,0,2,3.1902607893004498,1.673179998761043,15.34778699715389,18.0
1609869006,19,GET,/files/view/10000KB?id=92,2.400000,0.000000,2,2,2,2,3,4,4,4,4,4,4,19,0,2,2.0104788422223034,1.5528500007349066,3.526247000991134,18.0
1609869006,19,GET,/files/view/10000KB?id=93,2.400000,0.000000,2,2,2,3,3,4,4,4,4,4,4,19,0,2,2.1710771057099154,1.5003689986770041,3.7140640015422832,18.0
1609869006,19,GET,/files/view/10000KB?id=94,2.400000,0.000000,2,2,2,2,5,5,5,5,5,5,5,19,0,2,2.239586842111557,1.6653330021654256,5.258648001472466,18.0
1609869006,19,GET,/files/view/10000KB?id=95,2.200000,0.000000,2,2,2,3,3,4,4,4,4,4,4,19,0,2,2.219214263229668,1.664293999056099,4.024937999929534,18.0
1609869006,19,GET,/files/view/10000KB?id=96,2.200000,0.000000,2,2,2,2,3,5,5,5,5,5,5,19,0,2,2.1589216314743296,1.648622997890925,4.562987996905576,18.0
1609869006,19,GET,/files/view/10000KB?id=97,2.200000,0.000000,2,2,2,2,5,16,16,16,16,16,16,19,0,2,2.7620809477842783,1.585635996889323,16.074620001745643,18.0
1609869006,19,GET,/files/view/10000KB?id=98,2.200000,0.000000,2,2,2,3,3,4,4,4,4,4,4,19,0,2,2.1134216846181326,1.6073890001280233,3.774742002860876,18.0
1609869006,19,GET,/files/view/10000KB?id=99,2.200000,0.000000,2,2,2,3,4,7,7,7,7,7,7,19,0,2,2.407501210415687,1.5675859976909123,6.778618997486774,18.0
1609869006,19,,Aggregated,239.000000,0.000000,2,2,2,3,3,4,5,9,140,170,170,1900,0,2,2.4896869447586236,1.4921939982741605,169.01720399982878,17.9
1609869008,22,GET,/files/view/10000KB?id=0,2.333333,0.000000,4,4,5,5,5,6,17,17,17,17,17,21,0,4,4.775864285572122,3.2789619981485885,16.768301000411157,17.0
1609869008,22,GET,/files/view/10000KB?id=1,2.333333,0.000000,2,3,3,3,3,4,4,4,4,4,4,21,0,2,2.4565675239067613,1.7020199993567076,4.141937002714258,17.0
1609869008,22,GET,/files/view/10000KB?id=10,2.333333,0.000000,2,2,3,3,3,3,4,4,4,4,4,21,0,2,2.1993646195845766,1.6859989991644397,3.5855240021192003,18.0
1609869008,22,GET,/files/view/10000KB?id=11,2.333333,0.000000,2,2,2,2,2,3,4,4,4,4,4,21,0,2,2.086163380833265,1.4998459992057178,3.590563002944691,18.0
1609869008,22,GET,/files/view/10000KB?id=12,2.333333,0.000000,2,2,2,2,3,3,3,3,3,3,3,21,0,2,2.1036998103746947,1.6153750002558809,3.114973002084298,18.0
1609869008,22,GET,/files/view/10000KB?id=13,2.333333,0.000000,2,2,2,2,3,3,4,4,4,4,4,21,0,2,2.2186097140504337,1.5845720008655917,3.8475439978356007,18.0
1609869008,22,GET,/files/view/10000KB?id=14,2.333333,0.000000,2,2,3,3,4,4,4,4,4,4,4,21,0,2,2.479478238196212,1.6243540012510493,4.4348949995765,18.0
1609869008,22,GET,/files/view/10000KB?id=15,2.333333,0.000000,2,2,2,3,3,3,6,6,6,6,6,21,0,2,2.376229095500007,1.654032999795163,6.285507999564288,18.0
1609869008,22,GET,/files/view/10000KB?id=16,2.333333,0.000000,2,2,2,2,3,3,8,8,8,8,8,21,0,2,2.459448713904879,1.7116389972215984,7.670972001506016,18.0
1609869008,22,GET,/files/view/10000KB?id=17,2.333333,0.000000,2,2,2,2,3,3,5,5,5,5,5,21,0,2,2.1950619522526504,1.6333839994331356,5.090901999210473,18.0
1609869008,22,GET,/files/view/10000KB?id=18,2.333333,0.000000,2,2,2,2,2,3,4,4,4,4,4,21,0,2,2.116857142807151,1.6006070000003092,4.1528920010023285,18.0
1609869008,22,GET,/files/view/10000KB?id=19,2.333333,0.000000,2,2,2,2,3,3,4,4,4,4,4,21,0,2,2.234262429174989,1.6277460017590784,4.37233900083811,18.0
1609869008,22,GET,/files/view/10000KB?id=2,2.333333,0.000000,2,2,2,2,3,3,4,4,4,4,4,21,0,2,2.2616954766341397,1.6976700026134495,4.366942001070129,17.0
1609869008,22,GET,/files/view/10000KB?id=20,2.333333,0.000000,2,2,2,2,2,4,5,5,5,5,5,21,0,2,2.2393951429486543,1.6110449978441466,4.6008790013729595,18.0
1609869008,22,GET,/files/view/10000KB?id=21,2.333333,0.000000,2,2,2,2,3,4,4,4,4,4,4,21,0,2,2.153096142310893,1.6186140019271988,4.354503998911241,18.0
1609869008,22,GET,/files/view/10000KB?id=22,2.333333,0.000000,2,2,2,2,2,3,4,4,4,4,4,21,0,2,2.086223333338109,1.604733999556629,3.5402080029598437,18.0
1609869008,22,GET,/files/view/10000KB?id=23,2.333333,0.000000,2,2,2,2,3,3,4,4,4,4,4,21,0,2,2.1607270947632577,1.5892029987298883,3.6595419987861533,18.0
1609869008,22,GET,/files/view/10000KB?id=24,2.333333,0.000000,2,2,2,3,3,3,4,4,4,4,4,21,0,2,2.1666848569154915,1.5944209990266245,4.342796000855742,18.0
1609869008,22,GET,/files/view/10000KB?id=25,2.333333,0.000000,2,2,2,2,3,5,5,5,5,5,5,21,0,2,2.282827666931553,1.6298680020554457,4.858261003391817,18.0
1609869008,22,GET,/files/view/10000KB?id=26,2.333333,0.000000,2,2,2,2,3,4,4,4,4,4,4,21,0,2,2.0736400950963363,1.5512889985984657,3.9260980011022184,18.0
1609869008,22,GET,/files/view/10000KB?id=27,2.333333,0.000000,2,2,2,2,3,3,4,4,4,4,4,21,0,2,2.0836442381551024,1.5474070023628883,3.8927680034248624,18.0
1609869008,22,GET,/files/view/10000KB?id=28,2.333333,0.000000,2,2,2,2,3,3,9,9,9,9,9,21,0,2,2.322381904204598,1.6041500020946842,8.642632998089539,18.0
1609869008,22,GET,/files/view/10000KB?id=29,2.333333,0.000000,2,2,2,2,3,4,7,7,7,7,7,21,0,2,2.358418000291013,1.5927109998301603,6.892200002766913,18.0
1609869008,22,GET,/files/view/10000KB?id=3,2.333333,0.000000,2,2,2,3,3,5,15,15,15,15,15,21,0,2,2.977001619174622,1.7420549993403256,15.254532998369541,17.0
1609869008,22,GET,/files/view/10000KB?id=30,2.333333,0.000000,2,2,2,2,3,3,4,4,4,4,4,21,0,2,2.097115238332966,1.5589889990224037,3.5661469992191996,18.0
1609869008,22,GET,/files/view/10000KB?id=31,2.333333,0.000000,2,2,2,2,3,5,18,18,18,18,18,21,0,2,2.8725614756694995,1.6340030015271623,17.868996001197957,18.0
1609869008,22,GET,/files/view/10000KB?id=32,2.333333,0.000000,2,2,2,2,2,3,11,11,11,11,11,21,0,2,2.4104014761784733,1.6079839988378808,10.673752000002423,18.0
1609869008,22,GET,/files/view/10000KB?id=33,2.333333,0.000000,2,2,2,2,2,3,21,21,21,21,21,21,0,2,2.918387333054506,1.6536210023332387,20.88719899984426,18.0
1609869008,22,GET,/files/view/10000KB?id=34,2.333333,0.000000,2,2,2,2,2,3,5,5,5,5,5,21,0,2,2.164900904539363,1.5743299991299864,5.127084001287585,18.0
1609869008,22,GET,/files/view/10000KB?id=35,2.333333,0.000000,2,2,2,2,3,3,7,7,7,7,7,21,0,2,2.2849290003900284,1.5180260015768,7.1680479995848145,18.0
1609869008,22,GET,/files/view/10000KB?id=36,2.333333,0.000000,2,2,2,2,2,3,3,3,3,3,3,21,0,2,1.9956769998922634,1.5504299990425352,2.731474000029266,18.0
1609869008,22,GET,/files/view/10000KB?id=37,2.333333,0.000000,2,2,2,2,3,3,3,3,3,3,3,21,0,2,2.068113618796425,1.6317449990310706,2.9284970005392097,18.0
1609869008,22,GET,/files/view/10000KB?id=38,2.333333,0.000000,2,2,2,2,3,3,3,3,3,3,3,21,0,2,2.0995811906427013,1.6175880009541288,3.3049890007532667,18.0
1609869008,22,GET,/files/view/10000KB?id=39,2.333333,0.000000,2,2,3,3,3,3,3,3,3,3,3,21,0,2,2.2771014768555426,1.6205419997277204,3.429960001085419,18.0
1609869008,22,GET,/files/view/10000KB?id=4,2.333333,0.000000,2,2,3,3,3,5,170,170,170,170,170,21,0,2,10.262592571269211,1.7269489981117658,169.01720399982878,17.0
1609869008,22,GET,/files/view/10000KB?id=40,2.333333,0.000000,2,2,2,2,3,3,3,3,3,3,3,21,0,2,2.054103952451398,1.6337400011252612,2.859401996829547,18.0
1609869008,22,GET,/files/view/10000KB?id=41,2.333333,0.000000,2,2,2,2,3,3,3,3,3,3,3,21,0,2,2.0384812854726553,1.606174002517946,3.3427899979869835,18.0
1609869008,22,GET,/files/view/10000KB?id=42,2.333333,0.000000,2,2,2,2,2,3,3,3,3,3,3,21,0,2,2.080315333365607,1.641337999899406,3.449831001489656,18.0
1609869008,22,GET,/files/view/10000KB?id=43,2.333333,0.000000,2,2,3,3,3,13,13,13,13,13,13,21,0,2,3.1647716192916655,1.6851660002430435,13.272972999402555,18.0
1609869008,22,GET,/files/view/10000KB?id=44,2.333333,0.000000,2,2,2,2,3,3,4,4,4,4,4,21,0,2,2.1139369043036518,1.5546989998256322,3.8104829982330557,18.0
1609869008,22,GET,/files/view/10000KB?id=45,2.333333,0.000000,2,2,2,2,2,3,4,4,4,4,4,21,0,2,2.062175047675347,1.6496310017828364,4.3047639992437325,18.0
1609869008,22,GET,/files/view/10000KB?id=46,2.333333,0.000000,2,2,2,2,3,3,4,4,4,4,4,21,0,2,2.117297429019042,1.6417250008089468,3.773744003410684,18.0
1609869008,22,GET,/files/view/10000KB?id=47,2.333333,0.000000,2,2,2,2,2,3,3,3,3,3,3,21,0,2,2.0607432854289764,1.5809910000825766,3.4771220016409643,18.0
1609869008,22,GET,/files/view/10000KB?id=48,2.333333,0.000000,2,2,2,3,3,3,3,3,3,3,3,21,0,2,2.1078897138760935,1.6548579988011625,3.28443100079312,18.0
1609869008,22,GET,/files/view/10000KB?id=49,2.333333,0.000000,2,2,2,2,2,2,5,5,5,5,5,21,0,2,2.1022603333611705,1.5983949997462332,5.322715998772765,18.0
1609869008,22,GET,/files/view/10000KB?id=5,2.333333,0.000000,2,2,3,3,4,4,13,13,13,13,13,21,0,2,2.8865657616171077,1.6300269999192096,12.692364001850365,17.0
1609869008,22,GET,/files/view/10000KB?id=50,2.333333,0.000000,2,2,2,2,3,3,4,4,4,4,4,21,0,2,2.091846333357916,1.637714998651063,3.7682789989048615,18.0
1609869008,22,GET,/files/view/10000KB?id=51,2.333333,0.000000,2,2,2,2,2,3,3,3,3,3,3,21,0,2,1.9339699044524292,1.5107729996088892,2.853370999218896,18.0
1609869008,22,GET,/files/view/10000KB?id=52,2.333333,0.000000,2,2,2,2,3,3,3,3,3,3,3,21,0,2,1.9726635236154488,1.5590840012009721,2.6801709973369725,18.0
1609869008,22,GET,/files/view/10000KB?id=53,2.333333,0.000000,2,2,3,3,3,3,4,4,4,4,4,21,0,2,2.1974249514945163,1.600698997208383,3.544129998772405,18.0
1609869008,22,GET,/files/view/10000KB?id=54,2.333333,0.000000,2,2,2,2,3,4,6,6,6,6,6,21,0,2,2.2886211911446437,1.5939969998726156,5.543788000068162,18.0
1609869008,22,GET,/files/view/10000KB?id=55,2.333333,0.000000,2,2,3,3,3,3,3,3,3,3,3,21,0,2,2.1394404760766994,1.584789999469649,3.097972999967169,18.0
1609869008,22,GET,/files/view/10000KB?id=56,2.333333,0.000000,2,2,2,3,3,3,6,6,6,6,6,21,0,2,2.2680053811026957,1.5773480008647311,6.0062749980716035,18.0
1609869008,22,GET,/files/view/10000KB?id=57,2.333333,0.000000,2,2,2,2,3,3,3,3,3,3,3,21,0,2,2.1622423328586766,1.4921939982741605,3.21262299985392,18.0
1609869008,22,GET,/files/view/10000KB?id=58,2.333333,0.000000,2,2,3,3,3,5,10,10,10,10,10,21,0,2,2.5918794762262785,1.5900670005066786,10.161995000089519,18.0
1609869008,22,GET,/files/view/10000KB?id=59,2.333333,0.000000,2,2,2,3,3,4,4,4,4,4,4,21,0,2,2.2228400954364114,1.525310999568319,3.718119998666225,18.0
1609869008,22,GET,/files/view/10000KB?id=6,2.333333,0.000000,2,2,2,3,3,3,4,4,4,4,4,21,0,2,2.235984952719827,1.5724279983260203,3.8459909992525354,17.0
1609869008,22,GET,/files/view/10000KB?id=60,2.333333,0.000000,2,2,2,2,3,4,6,6,6,6,6,21,0,2,2.3301245242432094,1.5435220011568163,5.663989999447949,18.0
1609869008,22,GET,/files/view/10000KB?id=61,2.333333,0.000000,2,2,3,3,3,3,5,5,5,5,5,21,0,2,2.309174523751218,1.488507001340622,4.857528998400085,18.0
1609869008,22,GET,/files/view/10000KB?id=62,2.333333,0.000000,2,2,2,2,3,4,6,6,6,6,6,21,0,2,2.2846518097919346,1.5520940032729413,5.567359999986365,18.0
1609869008,22,GET,/files/view/10000KB?id=63,2.333333,0.000000,2,2,2,2,3,3,4,4,4,4,4,21,0,2,2.1287216671529072,1.4980970008764416,3.836506999505218,18.0
1609869008,22,GET,/files/view/10000KB?id=64,2.333333,0.000000,2,2,2,2,3,3,4,4,4,4,4,21,0,2,2.1251620951044883,1.6235199982475024,3.671780003060121,18.0
1609869008,22,GET,/files/view/10000KB?id=65,2.333333,0.000000,2,2,2,3,3,3,4,4,4,4,4,21,0,2,2.2517942383100964,1.5435419991263188,4.02114300231915,18.0
1609869008,22,GET,/files/view/10000KB?id=66,2.333333,0.000000,2,2,3,3,3,4,8,8,8,8,8,21,0,2,2.4536775715768315,1.5817070016055368,8.413012001255993,18.0
1609869008,22,GET,/files/view/10000KB?id=67,2.333333,0.000000,2,2,2,2,2,2,3,3,3,3,3,21,0,2,2.065361762582879,1.6733949996705633,2.9013640014454722,18.0
1609869008,22,GET,/files/view/10000KB?id=68,2.333333,0.000000,2,2,2,3,5,11,18,18,18,18,18,21,0,2,3.4542777138995007,1.6379619992221706,17.85704500071006,18.0
1609869008,22,GET,/files/view/10000KB?id=69,2.333333,0.000000,2,2,2,2,3,3,4,4,4,4,4,21,0,2,2.243758143214065,1.6628579978714697,4.182395001407713,18.0
1609869008,22,GET,/files/view/10000KB?id=7,2.333333,0.000000,2,2,2,2,3,4,4,4,4,4,4,21,0,2,2.2806372857996307,1.6861299991433043,4.136424999160226,17.0
1609869008,22,GET,/files/view/10000KB?id=70,2.333333,0.000000,2,2,2,2,3,3,6,6,6,6,6,21,0,2,2.2009939523178175,1.6794580005807802,5.533760999242077,18.0
1609869008,22,GET,/files/view/10000KB?id=71,2.333333,0.000000,2,2,2,2,3,3,4,4,4,4,4,21,0,2,2.122678666464275,1.568821997352643,3.884013000060804,18.0
1609869008,22,GET,/files/view/10000KB?id=72,2.333333,0.000000,2,2,2,2,3,3,3,3,3,3,3,21,0,2,2.042290238196507,1.4726699992024805,3.3219670003745705,18.0
1609869008,22,GET,/files/view/10000KB?id=73,2.333333,0.000000,2,2,2,3,3,6,9,9,9,9,9,21,0,2,2.5770380009253997,1.5762389994051773,8.977362998848548,18.0
1609869008,22,GET,/files/view/10000KB?id=74,2.333333,0.000000,2,2,2,2,3,3,9,9,9,9,9,21,0,2,2.3742497143671026,1.654223000514321,8.544152002286864,18.0
1609869008,22,GET,/files/view/10000KB?id=75,2.333333,0.000000,2,2,2,2,3,3,5,5,5,5,5,21,0,2,2.1860535234736744,1.6695269987394568,5.1579629980551545,18.0
1609869008,22,GET,/files/view/10000KB?id=76,2.333333,0.000000,2,2,2,2,4,5,5,5,5,5,5,21,0,2,2.3031383813455855,1.6057860011642333,5.085148997750366,18.0
1609869008,22,GET,/files/view/10000KB?id=77,2.333333,0.000000,2,2,2,2,3,3,5,5,5,5,5,21,0,2,2.2270305238461807,1.581276002980303,5.022659999667667,18.0
1609869008,22,GET,/files/view/10000KB?id=78,2.333333,0.000000,2,2,2,3,3,4,5,5,5,5,5,21,0,2,2.2518121432291256,1.5234490019793157,4.722257999674184,18.0
1609869008,22,GET,/files/view/10000KB?id=79,2.333333,0.000000,2,2,3,3,3,3,5,5,5,5,5,21,0,2,2.244334190652894,1.4915280007699039,4.895764999673702,18.0
1609869008,22,GET,/files/view/10000KB?id=8,2.333333,0.000000,2,2,2,2,3,3,4,4,4,4,4,21,0,2,2.1735442387580406,1.645526001084363,4.084965003130492,17.0
1609869008,22,GET,/files/view/10000KB?id=80,2.333333,0.000000,2,2,2,3,3,4,6,6,6,6,6,21,0,2,2.2656279524242215,1.5725220000604168,5.7305189984617755,18.0
1609869008,22,GET,/files/view/10000KB?id=81,2.333333,0.000000,2,2,2,3,3,3,4,4,4,4,4,21,0,2,2.1000477149971717,1.6235530019912403,3.5397500032559037,18.0
1609869008,22,GET,/files/view/10000KB?id=82,2.333333,0.000000,2,2,2,2,3,4,5,5,5,5,5,21,0,2,2.148344047738993,1.6242020028585102,4.509005000727484,18.0
1609869008,22,GET,/files/view/10000KB?id=83,2.333333,0.000000,2,2,2,2,3,3,4,4,4,4,4,21,0,2,2.1266572856845976,1.6320840004482307,3.986295996583067,18.0
1609869008,22,GET,/files/view/10000KB?id=84,2.333333,0.000000,2,2,3,3,3,4,5,5,5,5,5,21,0,2,2.2902744763303504,1.5492370002903044,5.3544750007858966,18.0
1609869008,22,GET,/files/view/10000KB?id=85,2.333333,0.000000,2,2,2,2,3,3,4,4,4,4,4,21,0,2,2.1511215238119585,1.6077299987955485,4.071594998094952,18.0
1609869008,22,GET,/files/view/10000KB?id=86,2.333333,0.000000,2,2,2,2,3,4,5,5,5,5,5,21,0,2,2.0991819517456904,1.5659720011171885,4.597920000378508,18.0
1609869008,22,GET,/files/view/10000KB?id=87,2.333333,0.000000,2,2,2,2,3,3,4,4,4,4,4,21,0,2,2.055252618447412,1.6629120000288822,3.577997998945648,18.0
1609869008,22,GET,/files/view/10000KB?id=88,2.333333,0.000000,2,2,2,2,4,6,7,7,7,7,7,21,0,2,2.4123569519793993,1.622425999812549,6.8652209993160795,18.0
1609869008,22,GET,/files/view/10000KB?id=89,2.333333,0.000000,2,2,2,2,3,4,4,4,4,4,4,21,0,2,2.154302714188816,1.7041219980455935,4.078436999407131,18.0
1609869008,22,GET,/files/view/10000KB?id=9,2.333333,0.000000,2,2,2,2,3,3,4,4,4,4,4,21,0,2,2.1769851898300527,1.6395370003010612,3.918483002053108,17.0
1609869008,22,GET,/files/view/10000KB?id=90,2.333333,0.000000,2,2,2,2,3,4,140,140,140,140,140,21,0,2,8.711122333417213,1.643121002416592,140.76308400035487,18.0
1609869008,22,GET,/files/view/10000KB?id=91,2.333333,0.000000,2,2,2,2,3,11,15,15,15,15,15,21,0,2,3.0694405236101288,1.5978769988578279,15.34778699715389,18.0
1609869008,22,GET,/files/view/10000KB?id=92,2.333333,0.000000,2,2,2,2,2,3,4,4,4,4,4,21,0,2,1.9997921431024137,1.5528500007349066,3.526247000991134,18.0
1609869008,22,GET,/files/view/10000KB?id=93,2.333333,0.000000,2,2,2,2,3,3,4,4,4,4,4,21,0,2,2.1532115719137,1.5003689986770041,3.7140640015422832,18.0
1609869008,22,GET,/files/view/10000KB?id=94,2.333333,0.000000,2,2,2,2,3,5,5,5,5,5,5,21,0,2,2.224354904770042,1.6653330021654256,5.258648001472466,18.0
1609869008,22,GET,/files/view/10000KB?id=95,2.333333,0.000000,2,2,2,2,3,3,4,4,4,4,4,21,0,2,2.1769363335070446,1.6342850030923728,4.024937999929534,18.0
1609869008,22,GET,/files/view/10000KB?id=96,2.333333,0.000000,2,2,2,2,3,3,5,5,5,5,5,21,0,2,2.103731904623731,1.5234089987643529,4.562987996905576,18.0
1609869008,22,GET,/files/view/10000KB?id=97,2.333333,0.000000,2,2,2,2,3,5,16,16,16,16,16,21,0,2,2.6693694765396816,1.585635996889323,16.074620001745643,18.0
1609869008,22,GET,/files/view/10000KB?id=98,2.333333,0.000000,2,2,2,2,3,3,4,4,4,4,4,21,0,2,2.068256571787753,1.58753399955458,3.774742002860876,18.0
1609869008,22,GET,/files/view/10000KB?id=99,2.333333,0.000000,2,2,2,2,3,4,7,7,7,7,7,21,0,2,2.3366120951236335,1.5675859976909123,6.778618997486774,18.0
1609869008,22,,Aggregated,233.333333,0.000000,2,2,2,2,3,4,5,8,21,170,170,2100,0,2,2.4333564824146814,1.4726699992024805,169.01720399982878,17.9
1609869009,24,GET,/files/view/10000KB?id=0,2.375000,0.000000,4,4,5,5,5,6,17,17,17,17,17,25,0,4,4.633421439793892,2.6952339976560324,16.768301000411157,17.0
1609869009,24,GET,/files/view/10000KB?id=1,2.375000,0.000000,2,3,3,3,3,4,4,4,4,4,4,25,0,2,2.3845552798593417,1.7020199993567076,4.141937002714258,17.0
1609869009,24,GET,/files/view/10000KB?id=10,2.375000,0.000000,2,2,3,3,3,3,4,4,4,4,4,24,0,2,2.183583917182356,1.6859989991644397,3.5855240021192003,18.0
1609869009,24,GET,/files/view/10000KB?id=11,2.375000,0.000000,2,2,2,2,2,3,4,4,4,4,4,24,0,2,2.0608369997413925,1.4998459992057178,3.590563002944691,18.0
1609869009,24,GET,/files/view/10000KB?id=12,2.375000,0.000000,2,2,2,2,3,3,3,3,3,3,3,24,0,2,2.0835649173325996,1.6153750002558809,3.114973002084298,18.0
1609869009,24,GET,/files/view/10000KB?id=13,2.375000,0.000000,2,2,2,3,3,3,4,4,4,4,4,24,0,2,2.1945664580016455,1.5845720008655917,3.8475439978356007,18.0
1609869009,24,GET,/files/view/10000KB?id=14,2.375000,0.000000,2,2,3,3,4,4,4,4,4,4,4,24,0,2,2.420819374947314,1.6243540012510493,4.4348949995765,18.0
1609869009,24,GET,/files/view/10000KB?id=15,2.375000,0.000000,2,2,2,3,3,3,6,6,6,6,6,24,0,2,2.3142494169405836,1.6140959996846505,6.285507999564288,18.0
1609869009,24,GET,/files/view/10000KB?id=16,2.375000,0.000000,2,2,2,2,3,3,8,8,8,8,8,24,0,2,2.4092566247115124,1.7116389972215984,7.670972001506016,18.0
1609869009,24,GET,/files/view/10000KB?id=17,2.375000,0.000000,2,2,2,2,3,3,5,5,5,5,5,24,0,2,2.1903072083659936,1.6333839994331356,5.090901999210473,18.0
1609869009,24,GET,/files/view/10000KB?id=18,2.375000,0.000000,2,2,2,2,2,3,4,4,4,4,4,24,0,2,2.100512333223984,1.5450059981958475,4.1528920010023285,18.0
1609869009,24,GET,/files/view/10000KB?id=19,2.375000,0.000000,2,2,2,2,3,3,4,4,4,4,4,24,0,2,2.203950500491677,1.6277460017590784,4.37233900083811,18.0
1609869009,24,GET,/files/view/10000KB?id=2,2.375000,0.000000,2,2,2,2,3,3,4,4,4,4,4,25,0,2,2.2082806403341237,1.6976700026134495,4.366942001070129,17.0
1609869009,24,GET,/files/view/10000KB?id=20,2.375000,0.000000,2,2,2,2,2,4,5,5,5,5,5,24,0,2,2.2065134583802624,1.6110449978441466,4.6008790013729595,18.0
1609869009,24,GET,/files/view/10000KB?id=21,2.375000,0.000000,2,2,2,2,3,4,4,4,4,4,4,24,0,2,2.124511582830261,1.6186140019271988,4.354503998911241,18.0
1609869009,24,GET,/files/view/10000KB?id=22,2.375000,0.000000,2,2,2,2,2,3,4,4,4,4,4,24,0,2,2.0897420833231686,1.604733999556629,3.5402080029598437,18.0
1609869009,24,GET,/files/view/10000KB?id=23,2.375000,0.000000,2,2,2,2,3,3,4,4,4,4,4,24,0,2,2.1493953746964203,1.5892029987298883,3.6595419987861533,18.0
1609869009,24,GET,/files/view/10000KB?id=24,2.375000,0.000000,2,2,2,3,3,3,4,4,4,4,4,24,0,2,2.1556042082314284,1.5944209990266245,4.342796000855742,18.0
1609869009,24,GET,/files/view/10000KB?id=25,2.375000,0.000000,2,2,2,2,3,5,5,5,5,5,5,24,0,2,2.267394083446561,1.6298680020554457,4.858261003391817,18.0
1609869009,24,GET,/files/view/10000KB?id=26,2.375000,0.000000,2,2,2,2,3,4,4,4,4,4,4,24,0,2,2.074712499810024,1.5512889985984657,3.9260980011022184,18.0
1609869009,24,GET,/files/view/10000KB?id=27,2.375000,0.000000,2,2,2,2,3,3,4,4,4,4,4,24,0,2,2.0992772083445743,1.5474070023628883,3.8927680034248624,18.0
1609869009,24,GET,/files/view/10000KB?id=28,2.375000,0.000000,2,2,2,2,3,3,9,9,9,9,9,24,0,2,2.303344582742284,1.6041500020946842,8.642632998089539,18.0
1609869009,24,GET,/files/view/10000KB?id=29,2.375000,0.000000,2,2,2,2,3,4,7,7,7,7,7,24,0,2,2.31083804192167,1.5927109998301603,6.892200002766913,18.0
1609869009,24,GET,/files/view/10000KB?id=3,2.375000,0.000000,2,2,2,3,3,5,15,15,15,15,15,25,0,2,2.795523720124038,1.6864249992067926,15.254532998369541,17.0
1609869009,24,GET,/files/view/10000KB?id=30,2.375000,0.000000,2,2,2,3,3,3,4,4,4,4,4,24,0,2,2.0915910417897976,1.5589889990224037,3.5661469992191996,18.0
1609869009,24,GET,/files/view/10000KB?id=31,2.375000,0.000000,2,2,2,3,3,5,18,18,18,18,18,24,0,2,2.787253041181733,1.6340030015271623,17.868996001197957,18.0
1609869009,24,GET,/files/view/10000KB?id=32,2.375000,0.000000,2,2,2,2,2,3,11,11,11,11,11,24,0,2,2.3771682081132894,1.6079839988378808,10.673752000002423,18.0
1609869009,24,GET,/files/view/10000KB?id=33,2.375000,0.000000,2,2,2,2,2,3,21,21,21,21,21,24,0,2,2.8256279997549427,1.6536210023332387,20.88719899984426,18.0
1609869009,24,GET,/files/view/10000KB?id=34,2.375000,0.000000,2,2,2,2,2,3,5,5,5,5,5,24,0,2,2.1615987914932098,1.5743299991299864,5.127084001287585,18.0
1609869009,24,GET,/files/view/10000KB?id=35,2.375000,0.000000,2,2,2,2,3,3,7,7,7,7,7,24,0,2,2.259387375185421,1.5180260015768,7.1680479995848145,18.0
1609869009,24,GET,/files/view/10000KB?id=36,2.375000,0.000000,2,2,2,2,2,3,3,3,3,3,3,24,0,2,2.0093585832607155,1.5504299990425352,2.731474000029266,18.0
1609869009,24,GET,/files/view/10000KB?id=37,2.375000,0.000000,2,2,2,2,3,3,3,3,3,3,3,24,0,2,2.0804936248168815,1.6317449990310706,2.9284970005392097,18.0
1609869009,24,GET,/files/view/10000KB?id=38,2.375000,0.000000,2,2,2,2,3,3,3,3,3,3,3,24,0,2,2.1115070417181414,1.6175880009541288,3.3049890007532667,18.0
1609869009,24,GET,/files/view/10000KB?id=39,2.375000,0.000000,2,2,3,3,3,3,3,3,3,3,3,24,0,2,2.2673096254948177,1.6205419997277204,3.429960001085419,18.0
1609869009,24,GET,/files/view/10000KB?id=4,2.375000,0.000000,2,2,3,3,3,5,170,170,170,170,170,25,0,2,8.904871999693569,1.6741229992476292,169.01720399982878,17.0
1609869009,24,GET,/files/view/10000KB?id=40,2.375000,0.000000,2,2,2,3,3,3,3,3,3,3,3,24,0,2,2.0639901666375713,1.6337400011252612,2.859401996829547,18.0
1609869009,24,GET,/files/view/10000KB?id=41,2.375000,0.000000,2,2,2,3,3,3,3,3,3,3,3,24,0,2,2.049642624721552,1.606174002517946,3.3427899979869835,18.0
1609869009,24,GET,/files/view/10000KB?id=42,2.375000,0.000000,2,2,2,2,2,3,3,3,3,3,3,24,0,2,2.0818191665057384,1.641337999899406,3.449831001489656,18.0
1609869009,24,GET,/files/view/10000KB?id=43,2.375000,0.000000,2,2,3,3,3,13,13,13,13,13,13,24,0,2,3.040550333480496,1.6851660002430435,13.272972999402555,18.0
1609869009,24,GET,/files/view/10000KB?id=44,2.375000,0.000000,2,2,2,2,3,3,4,4,4,4,4,24,0,2,2.0891461246416534,1.5546989998256322,3.8104829982330557,18.0
1609869009,24,GET,/files/view/10000KB?id=45,2.375000,0.000000,2,2,2,2,3,3,4,4,4,4,4,24,0,2,2.041838374983248,1.5384020007331856,4.3047639992437325,18.0
1609869009,24,GET,/files/view/10000KB?id=46,2.375000,0.000000,2,2,2,2,3,3,4,4,4,4,4,24,0,2,2.10748079204374,1.6417250008089468,3.773744003410684,18.0
1609869009,24,GET,/files/view/10000KB?id=47,2.375000,0.000000,2,2,2,2,2,3,3,3,3,3,3,24,0,2,2.0365277080903375,1.5809910000825766,3.4771220016409643,18.0
1609869009,24,GET,/files/view/10000KB?id=48,2.375000,0.000000,2,2,3,3,3,3,3,3,3,3,3,24,0,2,2.1385381246545876,1.6548579988011625,3.28443100079312,18.0
1609869009,24,GET,/files/view/10000KB?id=49,2.375000,0.000000,2,2,2,2,2,2,5,5,5,5,5,24,0,2,2.0776398749452105,1.5983949997462332,5.322715998772765,18.0
1609869009,24,GET,/files/view/10000KB?id=5,2.375000,0.000000,2,2,3,3,4,4,13,13,13,13,13,24,0,2,2.735146624824362,1.6300269999192096,12.692364001850365,17.0
1609869009,24,GET,/files/view/10000KB?id=50,2.375000,0.000000,2,2,2,2,3,3,4,4,4,4,4,24,0,2,2.070741499816601,1.637714998651063,3.7682789989048615,18.0
1609869009,24,GET,/files/view/10000KB?id=51,2.375000,0.000000,2,2,2,2,2,3,3,3,3,3,3,24,0,2,1.9185644165797082,1.5107729996088892,2.853370999218896,18.0
1609869009,24,GET,/files/view/10000KB?id=52,2.375000,0.000000,2,2,2,2,3,3,3,3,3,3,3,24,0,2,1.993851874885877,1.5590840012009721,3.1194550028885715,18.0
1609869009,24,GET,/files/view/10000KB?id=53,2.375000,0.000000,2,2,3,3,3,3,4,4,4,4,4,24,0,2,2.149487957619082,1.600698997208383,3.544129998772405,18.0
1609869009,24,GET,/files/view/10000KB?id=54,2.375000,0.000000,2,2,2,2,3,4,6,6,6,6,6,24,0,2,2.234535417301231,1.5939969998726156,5.543788000068162,18.0
1609869009,24,GET,/files/view/10000KB?id=55,2.375000,0.000000,2,2,3,3,3,3,3,3,3,3,3,24,0,2,2.0930584998192594,1.584789999469649,3.097972999967169,18.0
1609869009,24,GET,/files/view/10000KB?id=56,2.375000,0.000000,2,2,2,3,3,3,6,6,6,6,6,24,0,2,2.217482416957258,1.5773480008647311,6.0062749980716035,18.0
1609869009,24,GET,/files/view/10000KB?id=57,2.375000,0.000000,2,2,2,2,3,3,3,3,3,3,3,24,0,2,2.113251957932031,1.4921939982741605,3.21262299985392,18.0
1609869009,24,GET,/files/view/10000KB?id=58,2.375000,0.000000,2,2,3,3,3,5,10,10,10,10,10,24,0,2,2.5016870416341894,1.5900670005066786,10.161995000089519,18.0
1609869009,24,GET,/files/view/10000KB?id=59,2.375000,0.000000,2,2,2,3,3,4,4,4,4,4,4,24,0,2,2.1823420418816872,1.525310999568319,3.718119998666225,18.0
1609869009,24,GET,/files/view/10000KB?id=6,2.375000,0.000000,2,2,2,3,3,3,4,4,4,4,4,24,0,2,2.170070291867887,1.5724279983260203,3.8459909992525354,17.0
1609869009,24,GET,/files/view/10000KB?id=60,2.375000,0.000000,2,2,2,2,3,4,6,6,6,6,6,24,0,2,2.275701166884877,1.5435220011568163,5.663989999447949,18.0
1609869009,24,GET,/files/view/10000KB?id=61,2.375000,0.000000,2,2,3,3,3,3,5,5,5,5,5,24,0,2,2.256698833207338,1.488507001340622,4.857528998400085,18.0
1609869009,24,GET,/files/view/10000KB?id=62,2.375000,0.000000,2,2,2,2,3,4,6,6,6,6,6,24,0,2,2.23114645844665,1.5520940032729413,5.567359999986365,18.0
1609869009,24,GET,/files/view/10000KB?id=63,2.375000,0.000000,2,2,2,2,3,3,4,4,4,4,4,24,0,2,2.1061281671184893,1.4980970008764416,3.836506999505218,18.0
1609869009,24,GET,/files/view/10000KB?id=64,2.375000,0.000000,2,2,2,2,3,3,4,4,4,4,4,24,0,2,2.1077100830855975,1.6235199982475024,3.671780003060121,18.0
1609869009,24,GET,/files/view/10000KB?id=65,2.375000,0.000000,2,2,2,3,3,3,4,4,4,4,4,24,0,2,2.180882208449475,1.5435419991263188,4.02114300231915,18.0
1609869009,24,GET,/files/view/10000KB?id=66,2.375000,0.000000,2,2,3,3,3,4,8,8,8,8,8,24,0,2,2.3819116666648674,1.5817070016055368,8.413012001255993,18.0
1609869009,24,GET,/files/view/10000KB?id=67,2.375000,0.000000,2,2,2,2,2,2,3,3,3,3,3,24,0,2,2.0309501674091734,1.6733949996705633,2.9013640014454722,18.0
1609869009,24,GET,/files/view/10000KB?id=68,2.375000,0.000000,2,2,2,3,5,11,18,18,18,18,18,24,0,2,3.2518231663137462,1.6379619992221706,17.85704500071006,18.0
1609869009,24,GET,/files/view/10000KB?id=69,2.375000,0.000000,2,2,2,2,3,3,4,4,4,4,4,24,0,2,2.1847658752752372,1.6628579978714697,4.182395001407713,18.0
1609869009,24,GET,/files/view/10000KB?id=7,2.375000,0.000000,2,2,2,2,3,4,4,4,4,4,4,24,0,2,2.2420525416843398,1.6627379991405178,4.136424999160226,17.0
1609869009,24,GET,/files/view/10000KB?id=70,2.375000,0.000000,2,2,2,2,3,3,6,6,6,6,6,24,0,2,2.1504667915905884,1.6794580005807802,5.533760999242077,18.0
1609869009,24,GET,/files/view/10000KB?id=71,2.375000,0.000000,2,2,2,2,3,3,4,4,4,4,4,24,0,2,2.0858208748298543,1.568821997352643,3.884013000060804,18.0
1609869009,24,GET,/files/view/10000KB?id=72,2.375000,0.000000,2,2,2,2,3,3,3,3,3,3,3,24,0,2,2.0274859583272096,1.4726699992024805,3.3219670003745705,18.0
1609869009,24,GET,/files/view/10000KB?id=73,2.375000,0.000000,2,2,2,3,3,6,9,9,9,9,9,24,0,2,2.491400375674857,1.5762389994051773,8.977362998848548,18.0
1609869009,24,GET,/files/view/10000KB?id=74,2.375000,0.000000,2,2,2,2,3,3,9,9,9,9,9,24,0,2,2.3094858332418275,1.654223000514321,8.544152002286864,18.0
1609869009,24,GET,/files/view/10000KB?id=75,2.375000,0.000000,2,2,2,2,3,3,5,5,5,5,5,24,0,2,2.1386495413935336,1.662994000071194,5.1579629980551545,18.0
1609869009,24,GET,/files/view/10000KB?id=76,2.375000,0.000000,2,2,2,2,4,5,5,5,5,5,5,24,0,2,2.2278726254019907,1.575603000674164,5.085148997750366,18.0
1609869009,24,GET,/files/view/10000KB?id=77,2.375000,0.000000,2,2,2,2,3,3,5,5,5,5,5,24,0,2,2.1766612499050098,1.581276002980303,5.022659999667667,18.0
1609869009,24,GET,/files/view/10000KB?id=78,2.375000,0.000000,2,2,2,3,3,4,5,5,5,5,5,24,0,2,2.1939948336087887,1.5234490019793157,4.722257999674184,18.0
1609869009,24,GET,/files/view/10000KB?id=79,2.375000,0.000000,2,2,3,3,3,3,5,5,5,5,5,24,0,2,2.1818787084460687,1.4915280007699039,4.895764999673702,18.0
1609869009,24,GET,/files/view/10000KB?id=8,2.375000,0.000000,2,2,2,2,3,3,4,4,4,4,4,24,0,2,2.1399047923296166,1.5630800007784273,4.084965003130492,17.0
1609869009,24,GET,/files/view/10000KB?id=80,2.375000,0.000000,2,2,2,3,3,4,6,6,6,6,6,24,0,2,2.1998347917057495,1.5725220000604168,5.7305189984617755,18.0
1609869009,24,GET,/files/view/10000KB?id=81,2.375000,0.000000,2,2,2,3,3,3,4,4,4,4,4,24,0,2,2.052063083889758,1.6235530019912403,3.5397500032559037,18.0
1609869009,24,GET,/files/view/10000KB?id=82,2.375000,0.000000,2,2,2,2,3,4,5,5,5,5,5,24,0,2,2.0983524583850035,1.6242020028585102,4.509005000727484,18.0
1609869009,24,GET,/files/view/10000KB?id=83,2.375000,0.000000,2,2,2,2,3,3,4,4,4,4,4,24,0,2,2.1032150001095338,1.6320840004482307,3.986295996583067,18.0
1609869009,24,GET,/files/view/10000KB?id=84,2.375000,0.000000,2,2,3,3,3,4,5,5,5,5,5,24,0,2,2.2388400417791368,1.5492370002903044,5.3544750007858966,18.0
1609869009,24,GET,/files/view/10000KB?id=85,2.375000,0.000000,2,2,2,2,3,3,4,4,4,4,4,24,0,2,2.1226128751550277,1.6077299987955485,4.071594998094952,18.0
1609869009,24,GET,/files/view/10000KB?id=86,2.375000,0.000000,2,2,2,2,3,4,5,5,5,5,5,24,0,2,2.0406139160513703,1.5408799990836997,4.597920000378508,18.0
1609869009,24,GET,/files/view/10000KB?id=87,2.375000,0.000000,2,2,2,2,3,3,4,4,4,4,4,24,0,2,2.0241306662380034,1.6135940022650175,3.577997998945648,18.0
1609869009,24,GET,/files/view/10000KB?id=88,2.375000,0.000000,2,2,2,2,4,6,7,7,7,7,7,24,0,2,2.3447019996941285,1.622425999812549,6.8652209993160795,18.0
1609869009,24,GET,/files/view/10000KB?id=89,2.375000,0.000000,2,2,2,2,3,4,4,4,4,4,4,24,0,2,2.1333505413470752,1.7041219980455935,4.078436999407131,18.0
1609869009,24,GET,/files/view/10000KB?id=9,2.375000,0.000000,2,2,2,2,3,3,4,4,4,4,4,24,0,2,2.1485052493517287,1.6395370003010612,3.918483002053108,17.0
1609869009,24,GET,/files/view/10000KB?id=90,2.375000,0.000000,2,2,2,2,3,4,140,140,140,140,140,24,0,2,7.856971874995604,1.643121002416592,140.76308400035487,18.0
1609869009,24,GET,/files/view/10000KB?id=91,2.375000,0.000000,2,2,2,2,3,11,15,15,15,15,15,24,0,2,2.9286772913413492,1.5978769988578279,15.34778699715389,18.0
1609869009,24,GET,/files/view/10000KB?id=92,2.375000,0.000000,2,2,2,2,2,3,4,4,4,4,4,24,0,2,1.9684173333492556,1.5194309999060351,3.526247000991134,18.0
1609869009,24,GET,/files/view/10000KB?id=93,2.375000,0.000000,2,2,2,2,3,3,4,4,4,4,4,24,0,2,2.0929375004925532,1.5003689986770041,3.7140640015422832,18.0
1609869009,24,GET,/files/view/10000KB?id=94,2.375000,0.000000,2,2,2,2,3,5,5,5,5,5,5,24,0,2,2.1595115833103287,1.563058998726774,5.258648001472466,18.0
1609869009,24,GET,/files/view/10000KB?id=95,2.375000,0.000000,2,2,2,2,3,3,4,4,4,4,4,24,0,2,2.1082564165529525,1.570035998156527,4.024937999929534,18.0
1609869009,24,GET,/files/view/10000KB?id=96,2.375000,0.000000,2,2,2,2,3,3,5,5,5,5,5,24,0,2,2.0428738333369743,1.5234089987643529,4.562987996905576,18.0
1609869009,24,GET,/files/view/10000KB?id=97,2.375000,0.000000,2,2,2,2,3,5,16,16,16,16,16,24,0,2,2.550355375357564,1.585635996889323,16.074620001745643,18.0
1609869009,24,GET,/files/view/10000KB?id=98,2.375000,0.000000,2,2,2,2,3,3,4,4,4,4,4,24,0,2,2.0118552088206343,1.5352010013884865,3.774742002860876,18.0
1609869009,24,GET,/files/view/10000KB?id=99,2.375000,0.000000,2,2,2,3,3,4,7,7,7,7,7,24,0,2,2.2982202082554672,1.5675859976909123,6.778618997486774,18.0
1609869009,24,,Aggregated,237.500000,0.000000,2,2,2,2,3,4,5,7,21,170,170,2405,0,2,2.3722373954219025,1.4726699992024805,169.01720399982878,17.8981288981289
1609869010,27,GET,/files/view/10000KB?id=0,2.333333,0.000000,4,4,4,5,5,6,17,17,17,17,17,29,0,4,4.433909792890612,2.1558179978455883,16.768301000411157,17.0
1609869010,27,GET,/files/view/10000KB?id=1,2.333333,0.000000,2,3,3,3,3,4,4,4,4,4,4,29,0,2,2.3693931375576005,1.7020199993567076,4.141937002714258,17.0
1609869010,27,GET,/files/view/10000KB?id=10,2.333333,0.000000,2,2,2,3,3,3,4,4,4,4,4,29,0,2,2.1688787934996574,1.6473939977004193,3.5855240021192003,18.0
1609869010,27,GET,/files/view/10000KB?id=11,2.333333,0.000000,2,2,2,2,3,3,4,4,4,4,4,29,0,2,2.043110172084637,1.4998459992057178,3.590563002944691,18.0
1609869010,27,GET,/files/view/10000KB?id=12,2.333333,0.000000,2,2,2,2,3,3,3,3,3,3,3,29,0,2,2.0788711039570225,1.6153750002558809,3.114973002084298,18.0
1609869010,27,GET,/files/view/10000KB?id=13,2.333333,0.000000,2,2,2,3,3,3,4,4,4,4,4,29,0,2,2.157303482441609,1.5845720008655917,3.8475439978356007,18.0
1609869010,27,GET,/files/view/10000KB?id=14,2.333333,0.000000,2,2,3,3,4,4,4,4,4,4,4,29,0,2,2.3541996551071422,1.6243540012510493,4.4348949995765,18.0
1609869010,27,GET,/files/view/10000KB?id=15,2.333333,0.000000,2,2,2,3,3,3,6,6,6,6,6,29,0,2,2.2762585519150638,1.6140959996846505,6.285507999564288,18.0
1609869010,27,GET,/files/view/10000KB?id=16,2.333333,0.000000,2,2,2,3,3,3,8,8,8,8,8,29,0,2,2.365131999952076,1.682972000708105,7.670972001506016,18.0
1609869010,27,GET,/files/view/10000KB?id=17,2.333333,0.000000,2,2,2,3,3,3,5,5,5,5,5,29,0,2,2.1959997931593658,1.594399000168778,5.090901999210473,18.0
1609869010,27,GET,/files/view/10000KB?id=18,2.333333,0.000000,2,2,2,2,3,3,4,4,4,4,4,29,0,2,2.124656586288595,1.5450059981958475,4.1528920010023285,18.0
1609869010,27,GET,/files/view/10000KB?id=19,2.333333,0.000000,2,2,2,2,3,3,4,4,4,4,4,29,0,2,2.214564586556035,1.6277460017590784,4.37233900083811,18.0
1609869010,27,GET,/files/view/10000KB?id=2,2.333333,0.000000,2,2,2,2,3,3,4,4,4,4,4,29,0,2,2.201457138214429,1.6945540010055993,4.366942001070129,17.0
1609869010,27,GET,/files/view/10000KB?id=20,2.333333,0.000000,2,2,2,2,3,4,5,5,5,5,5,29,0,2,2.2351227242575864,1.6110449978441466,4.6008790013729595,18.0
1609869010,27,GET,/files/view/10000KB?id=21,2.333333,0.000000,2,2,2,2,4,4,4,4,4,4,4,29,0,2,2.2087652752565314,1.6186140019271988,4.354503998911241,18.0
1609869010,27,GET,/files/view/10000KB?id=22,2.333333,0.000000,2,2,2,2,3,4,4,4,4,4,4,29,0,2,2.159196586129336,1.604733999556629,3.932567000447307,18.0
1609869010,27,GET,/files/view/10000KB?id=23,2.333333,0.000000,2,2,2,3,3,4,4,4,4,4,4,29,0,2,2.222847344518382,1.5892029987298883,4.008956002508057,18.0
1609869010,27,GET,/files/view/10000KB?id=24,2.333333,0.000000,2,2,2,3,3,3,4,4,4,4,4,29,0,2,2.156636999957143,1.5944209990266245,4.342796000855742,18.0
1609869010,27,GET,/files/view/10000KB?id=25,2.333333,0.000000,2,2,2,3,3,5,5,5,5,5,5,29,0,2,2.240531965698806,1.6298680020554457,4.858261003391817,18.0
1609869010,27,GET,/files/view/10000KB?id=26,2.333333,0.000000,2,2,2,2,4,4,4,4,4,4,4,29,0,2,2.1370524824807693,1.5512889985984657,3.9260980011022184,18.0
1609869010,27,GET,/files/view/10000KB?id=27,2.333333,0.000000,2,2,2,3,3,3,4,4,4,4,4,29,0,2,2.1427717932463817,1.5474070023628883,3.8927680034248624,18.0
1609869010,27,GET,/files/view/10000KB?id=28,2.333333,0.000000,2,2,2,3,3,3,9,9,9,9,9,29,0,2,2.281436378639071,1.6041500020946842,8.642632998089539,18.0
1609869010,27,GET,/files/view/10000KB?id=29,2.333333,0.000000,2,2,2,3,3,4,7,7,7,7,7,29,0,2,2.2936611725338576,1.5927109998301603,6.892200002766913,18.0
1609869010,27,GET,/files/view/10000KB?id=3,2.333333,0.000000,2,2,2,3,3,5,15,15,15,15,15,29,0,2,2.7002694828140728,1.6410950011049863,15.254532998369541,17.0
1609869010,27,GET,/files/view/10000KB?id=30,2.333333,0.000000,2,2,2,3,3,3,4,4,4,4,4,29,0,2,2.1221501035676016,1.5589889990224037,3.5661469992191996,18.0
1609869010,27,GET,/files/view/10000KB?id=31,2.333333,0.000000,2,2,2,3,3,5,18,18,18,18,18,29,0,2,2.69690131006365,1.6340030015271623,17.868996001197957,18.0
1609869010,27,GET,/files/view/10000KB?id=32,2.333333,0.000000,2,2,2,2,3,3,11,11,11,11,11,29,0,2,2.3474918617184497,1.5846450005483348,10.673752000002423,18.0
1609869010,27,GET,/files/view/10000KB?id=33,2.333333,0.000000,2,2,2,2,3,3,21,21,21,21,21,29,0,2,2.7084036894315244,1.6536210023332387,20.88719899984426,18.0
1609869010,27,GET,/files/view/10000KB?id=34,2.333333,0.000000,2,2,2,2,3,3,5,5,5,5,5,29,0,2,2.1746185860859537,1.5743299991299864,5.127084001287585,18.0
1609869010,27,GET,/files/view/10000KB?id=35,2.333333,0.000000,2,2,2,2,3,3,7,7,7,7,7,29,0,2,2.270182310392807,1.5180260015768,7.1680479995848145,18.0
1609869010,27,GET,/files/view/10000KB?id=36,2.333333,0.000000,2,2,2,2,3,3,3,3,3,3,3,29,0,2,2.054124137994849,1.5504299990425352,2.8402780008036643,18.0
1609869010,27,GET,/files/view/10000KB?id=37,2.333333,0.000000,2,2,2,3,3,3,3,3,3,3,3,29,0,2,2.1261488273639455,1.6317449990310706,3.074677999393316,18.0
1609869010,27,GET,/files/view/10000KB?id=38,2.333333,0.000000,2,2,2,3,3,3,3,3,3,3,3,29,0,2,2.1238511380316,1.6149279981618747,3.3049890007532667,18.0
1609869010,27,GET,/files/view/10000KB?id=39,2.333333,0.000000,2,2,3,3,3,3,3,3,3,3,3,29,0,2,2.266515138311159,1.6205419997277204,3.429960001085419,18.0
1609869010,27,GET,/files/view/10000KB?id=4,2.333333,0.000000,2,2,3,3,4,5,170,170,170,170,170,29,0,2,8.00861865467721,1.6696899983799085,169.01720399982878,17.0
1609869010,27,GET,/files/view/10000KB?id=40,2.333333,0.000000,2,2,2,3,3,3,3,3,3,3,3,29,0,2,2.0727357929492176,1.6337400011252612,2.859401996829547,18.0
1609869010,27,GET,/files/view/10000KB?id=41,2.333333,0.000000,2,2,2,3,3,3,3,3,3,3,3,29,0,2,2.06229610319434,1.606174002517946,3.3427899979869835,18.0
1609869010,27,GET,/files/view/10000KB?id=42,2.333333,0.000000,2,2,2,2,3,3,4,4,4,4,4,29,0,2,2.11640013768719,1.6279359988402575,3.659521997178672,18.0
1609869010,27,GET,/files/view/10000KB?id=43,2.333333,0.000000,2,2,3,3,3,13,13,13,13,13,13,29,0,2,2.8958066552526174,1.6489169975102413,13.272972999402555,18.0
1609869010,27,GET,/files/view/10000KB?id=44,2.333333,0.000000,2,2,2,2,3,3,4,4,4,4,4,29,0,2,2.09801730996897,1.5546989998256322,3.8104829982330557,18.0
1609869010,27,GET,/files/view/10000KB?id=45,2.333333,0.000000,2,2,2,2,3,3,4,4,4,4,4,29,0,2,2.0530624138261593,1.5384020007331856,4.3047639992437325,18.0
1609869010,27,GET,/files/view/10000KB?id=46,2.333333,0.000000,2,2,2,2,3,3,4,4,4,4,4,29,0,2,2.137838724342271,1.6417250008089468,3.773744003410684,18.0
1609869010,27,GET,/files/view/10000KB?id=47,2.333333,0.000000,2,2,2,2,3,3,3,3,3,3,3,29,0,2,2.1007381722577927,1.5809910000825766,3.4771220016409643,18.0
1609869010,27,GET,/files/view/10000KB?id=48,2.333333,0.000000,2,2,3,3,3,3,3,3,3,3,3,29,0,2,2.1609280685942363,1.6548579988011625,3.28443100079312,18.0
1609869010,27,GET,/files/view/10000KB?id=49,2.333333,0.000000,2,2,2,2,3,3,5,5,5,5,5,29,0,2,2.126045172190061,1.5983949997462332,5.322715998772765,18.0
1609869010,27,GET,/files/view/10000KB?id=5,2.333333,0.000000,2,2,3,3,4,13,13,13,13,13,13,29,0,2,3.050801551580662,1.6139009967446327,13.173755000025267,17.0
1609869010,27,GET,/files/view/10000KB?id=50,2.333333,0.000000,2,2,2,3,3,3,4,4,4,4,4,29,0,2,2.1122156895530524,1.637714998651063,3.7682789989048615,18.0
1609869010,27,GET,/files/view/10000KB?id=51,2.333333,0.000000,2,2,2,2,3,3,3,3,3,3,3,29,0,2,1.9667974484036677,1.5107729996088892,2.853370999218896,18.0
1609869010,27,GET,/files/view/10000KB?id=52,2.333333,0.000000,2,2,2,3,3,3,3,3,3,3,3,29,0,2,2.0415301031758206,1.5590840012009721,3.1194550028885715,18.0
1609869010,27,GET,/files/view/10000KB?id=53,2.333333,0.000000,2,3,3,3,3,3,4,4,4,4,4,29,0,2,2.168536861502397,1.5368770000350196,3.544129998772405,18.0
1609869010,27,GET,/files/view/10000KB?id=54,2.333333,0.000000,2,2,2,2,3,4,6,6,6,6,6,29,0,2,2.216849241763,1.5939969998726156,5.543788000068162,18.0
1609869010,27,GET,/files/view/10000KB?id=55,2.333333,0.000000,2,2,3,3,3,3,3,3,3,3,3,29,0,2,2.1085447928083436,1.584789999469649,3.097972999967169,18.0
1609869010,27,GET,/files/view/10000KB?id=56,2.333333,0.000000,2,2,2,3,3,3,6,6,6,6,6,29,0,2,2.224433724191401,1.5536369974142872,6.0062749980716035,18.0
1609869010,27,GET,/files/view/10000KB?id=57,2.333333,0.000000,2,2,2,3,3,3,3,3,3,3,3,29,0,2,2.1476641719847724,1.4921939982741605,3.21262299985392,18.0
1609869010,27,GET,/files/view/10000KB?id=58,2.333333,0.000000,2,2,3,3,3,5,10,10,10,10,10,28,0,2,2.468291285757524,1.5900670005066786,10.161995000089519,18.0
1609869010,27,GET,/files/view/10000KB?id=59,2.333333,0.000000,2,2,2,3,3,4,4,4,4,4,4,28,0,2,2.1808667501578123,1.525310999568319,3.718119998666225,18.0
1609869010,27,GET,/files/view/10000KB?id=6,2.333333,0.000000,2,2,2,3,3,4,4,4,4,4,4,29,0,2,2.208081448394484,1.5724279983260203,4.191052001260687,17.0
1609869010,27,GET,/files/view/10000KB?id=60,2.333333,0.000000,2,2,2,2,3,4,6,6,6,6,6,28,0,2,2.2628404644170326,1.5435220011568163,5.663989999447949,18.0
1609869010,27,GET,/files/view/10000KB?id=61,2.333333,0.000000,2,2,3,3,3,3,5,5,5,5,5,28,0,2,2.2363956068147672,1.488507001340622,4.857528998400085,18.0
1609869010,27,GET,/files/view/10000KB?id=62,2.333333,0.000000,2,2,2,2,3,4,6,6,6,6,6,28,0,2,2.2111304644048295,1.5520940032729413,5.567359999986365,18.0
1609869010,27,GET,/files/view/10000KB?id=63,2.333333,0.000000,2,2,2,2,3,3,4,4,4,4,4,28,0,2,2.10385150044853,1.4980970008764416,3.836506999505218,18.0
1609869010,27,GET,/files/view/10000KB?id=64,2.333333,0.000000,2,2,2,2,3,3,4,4,4,4,4,28,0,2,2.128135392662703,1.6235199982475024,3.671780003060121,18.0
1609869010,27,GET,/files/view/10000KB?id=65,2.333333,0.000000,2,2,2,3,3,3,4,4,4,4,4,28,0,2,2.174677214497933,1.5435419991263188,4.02114300231915,18.0
1609869010,27,GET,/files/view/10000KB?id=66,2.333333,0.000000,2,2,3,3,3,4,8,8,8,8,8,28,0,2,2.3665537142473374,1.5817070016055368,8.413012001255993,18.0
1609869010,27,GET,/files/view/10000KB?id=67,2.333333,0.000000,2,2,2,2,2,3,3,3,3,3,3,28,0,2,2.0291263577486722,1.6181040009541903,2.9013640014454722,18.0
1609869010,27,GET,/files/view/10000KB?id=68,2.333333,0.000000,2,2,2,3,5,11,18,18,18,18,18,28,0,2,3.0951760353283526,1.6379619992221706,17.85704500071006,18.0
1609869010,27,GET,/files/view/10000KB?id=69,2.333333,0.000000,2,2,2,2,3,3,4,4,4,4,4,28,0,2,2.1490168216717263,1.5790580000611953,4.182395001407713,18.0
1609869010,27,GET,/files/view/10000KB?id=7,2.333333,0.000000,2,2,2,2,3,4,4,4,4,4,4,29,0,2,2.2336845172033244,1.6627379991405178,4.136424999160226,17.0
1609869010,27,GET,/files/view/10000KB?id=70,2.333333,0.000000,2,2,2,2,3,3,6,6,6,6,6,28,0,2,2.1223559642749024,1.5718619979452342,5.533760999242077,18.0
1609869010,27,GET,/files/view/10000KB?id=71,2.333333,0.000000,2,2,2,2,3,3,4,4,4,4,4,28,0,2,2.064255607105484,1.568821997352643,3.884013000060804,18.0
1609869010,27,GET,/files/view/10000KB?id=72,2.333333,0.000000,2,2,2,2,3,3,3,3,3,3,3,28,0,2,2.033846000033788,1.4726699992024805,3.3219670003745705,18.0
1609869010,27,GET,/files/view/10000KB?id=73,2.333333,0.000000,2,2,2,3,3,6,9,9,9,9,9,28,0,2,2.42434392904605,1.5762389994051773,8.977362998848548,18.0
1609869010,27,GET,/files/view/10000KB?id=74,2.333333,0.000000,2,2,2,2,3,9,140,140,140,140,140,28,0,2,7.123293178535407,1.649301000725245,138.41751699874294,18.0
1609869010,27,GET,/files/view/10000KB?id=75,2.333333,0.000000,2,2,2,2,3,3,5,5,5,5,5,27,0,2,2.090730777396217,1.5719299990450963,5.1579629980551545,18.0
1609869010,27,GET,/files/view/10000KB?id=76,2.333333,0.000000,2,2,2,2,4,5,5,5,5,5,5,27,0,2,2.189562815113243,1.575603000674164,5.085148997750366,18.0
1609869010,27,GET,/files/view/10000KB?id=77,2.333333,0.000000,2,2,2,2,3,3,5,5,5,5,5,27,0,2,2.1295596294900556,1.581276002980303,5.022659999667667,18.0
1609869010,27,GET,/files/view/10000KB?id=78,2.333333,0.000000,2,2,2,2,3,4,5,5,5,5,5,27,0,2,2.146036000205506,1.5234490019793157,4.722257999674184,18.0
1609869010,27,GET,/files/view/10000KB?id=79,2.333333,0.000000,2,2,3,3,3,3,5,5,5,5,5,27,0,2,2.150141555628377,1.4915280007699039,4.895764999673702,18.0
1609869010,27,GET,/files/view/10000KB?id=8,2.333333,0.000000,2,2,2,2,3,3,4,4,4,4,4,29,0,2,2.1188057937000973,1.5630800007784273,4.084965003130492,17.0
1609869010,27,GET,/files/view/10000KB?id=80,2.333333,0.000000,2,2,2,2,3,4,6,6,6,6,6,27,0,2,2.1712181851735632,1.5725220000604168,5.7305189984617755,18.0
1609869010,27,GET,/files/view/10000KB?id=81,2.333333,0.000000,2,2,2,2,3,3,4,4,4,4,4,27,0,2,2.0175422597040544,1.6235530019912403,3.5397500032559037,18.0
1609869010,27,GET,/files/view/10000KB?id=82,2.333333,0.000000,2,2,2,2,3,4,5,5,5,5,5,27,0,2,2.053476000044072,1.5334800009441096,4.509005000727484,18.0
1609869010,27,GET,/files/view/10000KB?id=83,2.333333,0.000000,2,2,2,2,3,3,4,4,4,4,4,27,0,2,2.069301666779211,1.6320840004482307,3.986295996583067,18.0
1609869010,27,GET,/files/view/10000KB?id=84,2.333333,0.000000,2,2,2,3,3,4,5,5,5,5,5,27,0,2,2.173681777936441,1.5492370002903044,5.3544750007858966,18.0
1609869010,27,GET,/files/view/10000KB?id=85,2.333333,0.000000,2,2,2,2,3,3,4,4,4,4,4,27,0,2,2.09044714830708,1.6077299987955485,4.071594998094952,18.0
1609869010,27,GET,/files/view/10000KB?id=86,2.333333,0.000000,2,2,2,2,3,4,5,5,5,5,5,27,0,2,2.029971592020485,1.5408799990836997,4.597920000378508,18.0
1609869010,27,GET,/files/view/10000KB?id=87,2.333333,0.000000,2,2,2,2,3,3,4,4,4,4,4,27,0,2,2.01017948105194,1.6135940022650175,3.577997998945648,18.0
1609869010,27,GET,/files/view/10000KB?id=88,2.333333,0.000000,2,2,2,2,4,6,7,7,7,7,7,27,0,2,2.304644999875799,1.622425999812549,6.8652209993160795,18.0
1609869010,27,GET,/files/view/10000KB?id=89,2.333333,0.000000,2,2,2,2,3,4,4,4,4,4,4,27,0,2,2.0954918144087533,1.6106529983517248,4.078436999407131,18.0
1609869010,27,GET,/files/view/10000KB?id=9,2.333333,0.000000,2,2,2,2,3,3,4,4,4,4,4,29,0,2,2.1307502754317627,1.6395370003010612,3.918483002053108,17.0
1609869010,27,GET,/files/view/10000KB?id=90,2.333333,0.000000,2,2,2,2,3,4,140,140,140,140,140,27,0,2,7.179351296212257,1.5246100010699593,140.76308400035487,18.0
1609869010,27,GET,/files/view/10000KB?id=91,2.333333,0.000000,2,2,2,2,3,11,15,15,15,15,15,27,0,2,2.842082629218499,1.5978769988578279,15.34778699715389,18.0
1609869010,27,GET,/files/view/10000KB?id=92,2.333333,0.000000,2,2,2,2,2,3,4,4,4,4,4,27,0,2,1.9350542222835228,1.5194309999060351,3.526247000991134,18.0
1609869010,27,GET,/files/view/10000KB?id=93,2.333333,0.000000,2,2,2,2,3,3,4,4,4,4,4,27,0,2,2.0676428151394552,1.5003689986770041,3.7140640015422832,18.0
1609869010,27,GET,/files/view/10000KB?id=94,2.333333,0.000000,2,2,2,2,3,5,5,5,5,5,5,27,0,2,2.1144685185087533,1.563058998726774,5.258648001472466,18.0
1609869010,27,GET,/files/view/10000KB?id=95,2.333333,0.000000,2,2,2,2,3,3,4,4,4,4,4,27,0,2,2.0756468518272784,1.570035998156527,4.024937999929534,18.0
1609869010,27,GET,/files/view/10000KB?id=96,2.333333,0.000000,2,2,2,2,3,3,5,5,5,5,5,27,0,2,2.0111454074072688,1.5234089987643529,4.562987996905576,18.0
1609869010,27,GET,/files/view/10000KB?id=97,2.333333,0.000000,2,2,2,2,3,5,16,16,16,16,16,27,0,2,2.4770140744631473,1.585635996889323,16.074620001745643,18.0
1609869010,27,GET,/files/view/10000KB?id=98,2.333333,0.000000,2,2,2,2,3,3,4,4,4,4,4,27,0,2,1.988248518803933,1.5352010013884865,3.774742002860876,18.0
1609869010,27,GET,/files/view/10000KB?id=99,2.333333,0.000000,2,2,2,2,3,4,7,7,7,7,7,27,0,2,2.2424748885559556,1.5675859976909123,6.778618997486774,18.0
1609869010,27,,Aggregated,233.333333,0.000000,2,2,2,2,3,4,5,6,140,170,170,2833,0,2,2.390313727464178,1.4726699992024805,169.01720399982878,17.897635015884223
1609869011,29,GET,/files/view/10000KB?id=0,2.400000,0.000000,4,4,5,5,5,7,17,17,17,17,17,34,0,4,4.451351529282607,2.1558179978455883,16.768301000411157,17.0
1609869011,29,GET,/files/view/10000KB?id=1,2.400000,0.000000,2,3,3,3,3,4,4,4,4,4,4,34,0,2,2.4262931760056423,1.7020199993567076,4.141937002714258,17.0
1609869011,29,GET,/files/view/10000KB?id=10,2.400000,0.000000,2,2,3,3,4,5,6,6,6,6,6,34,0,2,2.376921794433763,1.6473939977004193,5.794151998998132,18.0
1609869011,29,GET,/files/view/10000KB?id=11,2.400000,0.000000,2,2,2,2,3,4,4,4,4,4,4,34,0,2,2.172415911606068,1.4998459992057178,3.9820679994591046,18.0
1609869011,29,GET,/files/view/10000KB?id=12,2.400000,0.000000,2,2,2,3,3,5,5,5,5,5,5,34,0,2,2.289351824027322,1.6153750002558809,5.094113999803085,18.0
1609869011,29,GET,/files/view/10000KB?id=13,2.400000,0.000000,2,2,3,3,3,4,5,5,5,5,5,34,0,2,2.307224205651437,1.5845720008655917,4.704406001110328,18.0
1609869011,29,GET,/files/view/10000KB?id=14,2.400000,0.000000,2,3,3,3,4,5,5,5,5,5,5,34,0,2,2.5027053235295598,1.6243540012510493,5.337103000783827,18.0
1609869011,29,GET,/files/view/10000KB?id=15,2.400000,0.000000,2,2,3,3,3,6,6,6,6,6,6,34,0,2,2.4043876177636454,1.6140959996846505,6.285507999564288,18.0
1609869011,29,GET,/files/view/10000KB?id=16,2.400000,0.000000,2,2,3,3,3,6,8,8,8,8,8,34,0,2,2.464473264540977,1.682972000708105,7.670972001506016,18.0
1609869011,29,GET,/files/view/10000KB?id=17,2.400000,0.000000,2,2,3,3,3,5,5,5,5,5,5,34,0,2,2.27842461765035,1.594399000168778,5.2493949988274835,18.0
1609869011,29,GET,/files/view/10000KB?id=18,2.400000,0.000000,2,2,2,3,3,4,6,6,6,6,6,34,0,2,2.2380815882891456,1.51806400026544,5.743413999880431,18.0
1609869011,29,GET,/files/view/10000KB?id=19,2.400000,0.000000,2,2,2,3,3,4,6,6,6,6,6,34,0,2,2.3307468824949704,1.6277460017590784,5.910129999392666,18.0
1609869011,29,GET,/files/view/10000KB?id=2,2.400000,0.000000,2,2,2,3,3,5,5,5,5,5,5,34,0,2,2.3647182059743073,1.6487619977851864,4.83678599994164,17.0
1609869011,29,GET,/files/view/10000KB?id=20,2.400000,0.000000,2,2,2,2,3,5,6,6,6,6,6,34,0,2,2.3186873824991325,1.5935979972709902,5.684316001861589,18.0
1609869011,29,GET,/files/view/10000KB?id=21,2.400000,0.000000,2,2,2,3,4,4,6,6,6,6,6,34,0,2,2.3005932936725646,1.5794809987710323,5.891818000236526,18.0
1609869011,29,GET,/files/view/10000KB?id=22,2.400000,0.000000,2,2,2,3,3,4,6,6,6,6,6,34,0,2,2.260090823577176,1.604733999556629,5.5617549987800885,18.0
1609869011,29,GET,/files/view/10000KB?id=23,2.400000,0.000000,2,2,2,3,3,4,4,4,4,4,4,34,0,2,2.254986558588879,1.5892029987298883,4.008956002508057,18.0
1609869011,29,GET,/files/view/10000KB?id=24,2.400000,0.000000,2,2,3,3,3,3,4,4,4,4,4,34,0,2,2.1665775294583427,1.5944209990266245,4.342796000855742,18.0
1609869011,29,GET,/files/view/10000KB?id=25,2.400000,0.000000,2,2,2,3,3,5,5,5,5,5,5,34,0,2,2.274044235331102,1.563931000418961,4.858261003391817,18.0
1609869011,29,GET,/files/view/10000KB?id=26,2.400000,0.000000,2,2,3,3,3,4,4,4,4,4,4,34,0,2,2.1710880587574244,1.5512889985984657,3.9260980011022184,18.0
1609869011,29,GET,/files/view/10000KB?id=27,2.400000,0.000000,2,2,3,3,3,3,4,4,4,4,4,34,0,2,2.2008409118023016,1.5474070023628883,3.8927680034248624,18.0
1609869011,29,GET,/files/view/10000KB?id=28,2.400000,0.000000,2,2,3,3,3,3,9,9,9,9,9,34,0,2,2.2796261169680614,1.532173999294173,8.642632998089539,18.0
1609869011,29,GET,/files/view/10000KB?id=29,2.400000,0.000000,2,2,2,3,3,4,7,7,7,7,7,34,0,2,2.278324647276724,1.5927109998301603,6.892200002766913,18.0
1609869011,29,GET,/files/view/10000KB?id=3,2.400000,0.000000,2,2,3,3,4,5,15,15,15,15,15,34,0,2,2.7663492648357266,1.6410950011049863,15.254532998369541,17.0
1609869011,29,GET,/files/view/10000KB?id=30,2.400000,0.000000,2,2,2,3,3,3,4,4,4,4,4,34,0,2,2.153714500095435,1.5589889990224037,3.5661469992191996,18.0
1609869011,29,GET,/files/view/10000KB?id=31,2.400000,0.000000,2,2,3,3,3,5,18,18,18,18,18,34,0,2,2.6472710879341537,1.6340030015271623,17.868996001197957,18.0
1609869011,29,GET,/files/view/10000KB?id=32,2.400000,0.000000,2,2,2,3,3,3,11,11,11,11,11,34,0,2,2.3567746760390413,1.5590879993396811,10.673752000002423,18.0
1609869011,29,GET,/files/view/10000KB?id=33,2.400000,0.000000,2,2,2,2,3,3,21,21,21,21,21,34,0,2,2.658006735253045,1.5983290031726938,20.88719899984426,18.0
1609869011,29,GET,/files/view/10000KB?id=34,2.400000,0.000000,2,2,2,2,3,3,5,5,5,5,5,34,0,2,2.2041754705509553,1.5743299991299864,5.127084001287585,18.0
1609869011,29,GET,/files/view/10000KB?id=35,2.400000,0.000000,2,2,2,3,3,3,7,7,7,7,7,34,0,2,2.278804529316189,1.5180260015768,7.1680479995848145,18.0
1609869011,29,GET,/files/view/10000KB?id=36,2.400000,0.000000,2,2,2,3,3,3,3,3,3,3,3,34,0,2,2.1216217647794537,1.5504299990425352,3.3348910001222976,18.0
1609869011,29,GET,/files/view/10000KB?id=37,2.400000,0.000000,2,2,3,3,3,3,3,3,3,3,3,34,0,2,2.183208558776909,1.5283259999705479,3.4278890016139485,18.0
1609869011,29,GET,/files/view/10000KB?id=38,2.400000,0.000000,2,2,3,3,3,3,3,3,3,3,3,34,0,2,2.1816927353082813,1.6149279981618747,3.3049890007532667,18.0
1609869011,29,GET,/files/view/10000KB?id=39,2.400000,0.000000,2,3,3,3,3,3,3,3,3,3,3,34,0,2,2.3029096474227333,1.6205419997277204,3.429960001085419,18.0
1609869011,29,GET,/files/view/10000KB?id=4,2.400000,0.000000,2,3,3,3,5,6,170,170,170,170,170,34,0,2,7.353934764336479,1.4807289990130812,169.01720399982878,17.0
1609869011,29,GET,/files/view/10000KB?id=40,2.400000,0.000000,2,2,3,3,3,3,3,3,3,3,3,34,0,2,2.137316558540025,1.5695260008214973,3.4535529994172975,18.0
1609869011,29,GET,/files/view/10000KB?id=41,2.400000,0.000000,2,2,3,3,3,3,3,3,3,3,3,34,0,2,2.108770441148355,1.606174002517946,3.3427899979869835,18.0
1609869011,29,GET,/files/view/10000KB?id=42,2.400000,0.000000,2,2,2,2,3,4,4,4,4,4,4,34,0,2,2.169409676164779,1.6279359988402575,3.8517479988513514,18.0
1609869011,29,GET,/files/view/10000KB?id=43,2.400000,0.000000,2,2,3,3,3,13,13,13,13,13,13,34,0,2,2.8114815884370783,1.5623990002495702,13.272972999402555,18.0
1609869011,29,GET,/files/view/10000KB?id=44,2.400000,0.000000,2,2,2,3,3,3,4,4,4,4,4,34,0,2,2.1439243821933975,1.5546989998256322,3.8104829982330557,18.0
1609869011,29,GET,/files/view/10000KB?id=45,2.400000,0.000000,2,2,2,3,3,3,4,4,4,4,4,34,0,2,2.07076541172522,1.5384020007331856,4.3047639992437325,18.0
1609869011,29,GET,/files/view/10000KB?id=46,2.400000,0.000000,2,2,2,2,3,4,4,4,4,4,4,34,0,2,2.1633187059384964,1.5720499977760483,3.787711000768468,18.0
1609869011,29,GET,/files/view/10000KB?id=47,2.400000,0.000000,2,2,2,3,3,3,3,3,3,3,3,34,0,2,2.1222546469396226,1.5809910000825766,3.4771220016409643,18.0
1609869011,29,GET,/files/view/10000KB?id=48,2.400000,0.000000,2,2,3,3,3,3,3,3,3,3,3,34,0,2,2.160406970206703,1.6548579988011625,3.28443100079312,18.0
1609869011,29,GET,/files/view/10000KB?id=49,2.400000,0.000000,2,2,2,2,3,3,5,5,5,5,5,34,0,2,2.1175163527753766,1.5983949997462332,5.322715998772765,18.0
1609869011,29,GET,/files/view/10000KB?id=5,2.400000,0.000000,2,3,3,3,4,13,13,13,13,13,13,34,0,2,3.012984764555928,1.6139009967446327,13.173755000025267,17.0
1609869011,29,GET,/files/view/10000KB?id=50,2.400000,0.000000,2,2,2,3,3,3,4,4,4,4,4,34,0,2,2.10852529402045,1.6123839995998424,3.7682789989048615,18.0
1609869011,29,GET,/files/view/10000KB?id=51,2.400000,0.000000,2,2,2,2,3,3,3,3,3,3,3,34,0,2,1.9786439707411987,1.5107729996088892,2.853370999218896,18.0
1609869011,29,GET,/files/view/10000KB?id=52,2.400000,0.000000,2,2,2,3,3,3,3,3,3,3,3,34,0,2,2.042332646798219,1.5590840012009721,3.1194550028885715,18.0
1609869011,29,GET,/files/view/10000KB?id=53,2.400000,0.000000,2,3,3,3,3,3,4,4,4,4,4,34,0,2,2.168844646482338,1.5368770000350196,3.544129998772405,18.0
1609869011,29,GET,/files/view/10000KB?id=54,2.400000,0.000000,2,2,2,2,3,4,6,6,6,6,6,34,0,2,2.200328676896307,1.5939969998726156,5.543788000068162,18.0
1609869011,29,GET,/files/view/10000KB?id=55,2.400000,0.000000,2,2,3,3,3,3,3,3,3,3,3,34,0,2,2.105536764515016,1.504908999777399,3.097972999967169,18.0
1609869011,29,GET,/files/view/10000KB?id=56,2.400000,0.000000,2,2,2,3,3,3,6,6,6,6,6,34,0,2,2.2174496471587406,1.5536369974142872,6.0062749980716035,18.0
1609869011,29,GET,/files/view/10000KB?id=57,2.400000,0.000000,2,2,2,3,3,3,3,3,3,3,3,34,0,2,2.1463156761670046,1.4921939982741605,3.21262299985392,18.0
1609869011,29,GET,/files/view/10000KB?id=58,2.400000,0.000000,2,2,3,3,3,10,150,150,150,150,150,34,0,2,6.746308970511617,1.5900670005066786,149.35711200087098,18.0
1609869011,29,GET,/files/view/10000KB?id=59,2.400000,0.000000,2,2,3,3,3,4,4,4,4,4,4,34,0,2,2.251569323882851,1.525310999568319,3.9299810014199466,18.0
1609869011,29,GET,/files/view/10000KB?id=6,2.400000,0.000000,2,2,3,3,4,5,5,5,5,5,5,34,0,2,2.4413173825236942,1.5724279983260203,5.40378799996688,17.0
1609869011,29,GET,/files/view/10000KB?id=60,2.400000,0.000000,2,2,2,3,3,4,6,6,6,6,6,34,0,2,2.312560676728026,1.5435220011568163,5.663989999447949,18.0
1609869011,29,GET,/files/view/10000KB?id=61,2.400000,0.000000,2,2,3,3,3,4,5,5,5,5,5,34,0,2,2.2775273528703326,1.488507001340622,4.857528998400085,18.0
1609869011,29,GET,/files/view/10000KB?id=62,2.400000,0.000000,2,2,2,2,3,4,6,6,6,6,6,33,0,2,2.256768151600034,1.5520940032729413,5.567359999986365,18.0
1609869011,29,GET,/files/view/10000KB?id=63,2.400000,0.000000,2,2,2,2,3,3,4,4,4,4,4,33,0,2,2.132880939880675,1.4980970008764416,3.836506999505218,18.0
1609869011,29,GET,/files/view/10000KB?id=64,2.400000,0.000000,2,2,2,2,3,4,4,4,4,4,4,33,0,2,2.1793140303722764,1.6235199982475024,4.438420000951737,18.0
1609869011,29,GET,/files/view/10000KB?id=65,2.400000,0.000000,2,2,2,3,3,4,4,4,4,4,4,33,0,2,2.1957649699867363,1.5435419991263188,4.02114300231915,18.0
1609869011,29,GET,/files/view/10000KB?id=66,2.400000,0.000000,2,2,3,3,3,4,8,8,8,8,8,32,0,2,2.329823249965557,1.5166070006671362,8.413012001255993,18.0
1609869011,29,GET,/files/view/10000KB?id=67,2.400000,0.000000,2,2,2,2,2,3,5,5,5,5,5,32,0,2,2.0981692506438776,1.6181040009541903,4.744523001136258,18.0
1609869011,29,GET,/files/view/10000KB?id=68,2.400000,0.000000,2,2,2,3,5,11,18,18,18,18,18,32,0,2,3.042949780933668,1.6379619992221706,17.85704500071006,18.0
1609869011,29,GET,/files/view/10000KB?id=69,2.400000,0.000000,2,2,2,2,3,3,4,4,4,4,4,32,0,2,2.1566838751141404,1.5790580000611953,4.182395001407713,18.0
1609869011,29,GET,/files/view/10000KB?id=7,2.400000,0.000000,2,2,2,3,3,4,4,4,4,4,4,34,0,2,2.3266471177039953,1.544835999084171,4.2440200013516005,17.0
1609869011,29,GET,/files/view/10000KB?id=70,2.400000,0.000000,2,2,2,2,3,5,6,6,6,6,6,32,0,2,2.169080031194426,1.5718619979452342,5.533760999242077,18.0
1609869011,29,GET,/files/view/10000KB?id=71,2.400000,0.000000,2,2,2,2,3,3,4,4,4,4,4,32,0,2,2.0772689063051075,1.540792000014335,3.884013000060804,18.0
1609869011,29,GET,/files/view/10000KB?id=72,2.400000,0.000000,2,2,2,2,3,3,5,5,5,5,5,32,0,2,2.0860663124722123,1.4726699992024805,4.571885998302605,18.0
1609869011,29,GET,/files/view/10000KB?id=73,2.400000,0.000000,2,2,2,3,3,6,9,9,9,9,9,32,0,2,2.430073500704566,1.5762389994051773,8.977362998848548,18.0
1609869011,29,GET,/files/view/10000KB?id=74,2.400000,0.000000,2,2,2,2,3,9,140,140,140,140,140,32,0,2,6.590020687553988,1.5056390002428088,138.41751699874294,18.0
1609869011,29,GET,/files/view/10000KB?id=75,2.400000,0.000000,2,2,2,2,3,5,15,15,15,15,15,32,0,2,2.542170343417638,1.5448550002474803,14.620518002629979,18.0
1609869011,29,GET,/files/view/10000KB?id=76,2.400000,0.000000,2,2,2,2,4,5,6,6,6,6,6,32,0,2,2.320384031577305,1.575603000674164,6.3104670007305685,18.0
1609869011,29,GET,/files/view/10000KB?id=77,2.400000,0.000000,2,2,2,3,3,5,5,5,5,5,5,32,0,2,2.297129874818893,1.581276002980303,5.022659999667667,18.0
1609869011,29,GET,/files/view/10000KB?id=78,2.400000,0.000000,2,2,2,3,4,5,7,7,7,7,7,32,0,2,2.297068031452909,1.5234490019793157,6.812319999880856,18.0
1609869011,29,GET,/files/view/10000KB?id=79,2.400000,0.000000,2,2,3,3,3,5,5,5,5,5,5,32,0,2,2.247547437718822,1.4915280007699039,4.895764999673702,18.0
1609869011,29,GET,/files/view/10000KB?id=8,2.400000,0.000000,2,2,2,3,3,5,5,5,5,5,5,34,0,2,2.2964231180487653,1.5630800007784273,5.057952999777626,17.0
1609869011,29,GET,/files/view/10000KB?id=80,2.400000,0.000000,2,2,2,3,4,6,7,7,7,7,7,32,0,2,2.3561928126127896,1.5725220000604168,7.104154999979073,18.0
1609869011,29,GET,/files/view/10000KB?id=81,2.400000,0.000000,2,2,2,3,3,4,5,5,5,5,5,32,0,2,2.1420045317199765,1.6235530019912403,4.630144001566805,18.0
1609869011,29,GET,/files/view/10000KB?id=82,2.400000,0.000000,2,2,2,2,4,5,5,5,5,5,5,32,0,2,2.1837755311935325,1.5334800009441096,5.377409997890936,18.0
1609869011,29,GET,/files/view/10000KB?id=83,2.400000,0.000000,2,2,2,3,3,4,4,4,4,4,4,32,0,2,2.150127062691354,1.6166460009117145,4.026369002531283,18.0
1609869011,29,GET,/files/view/10000KB?id=84,2.400000,0.000000,2,2,3,3,4,4,5,5,5,5,5,32,0,2,2.270201093892865,1.5492370002903044,5.3544750007858966,18.0
1609869011,29,GET,/files/view/10000KB?id=85,2.400000,0.000000,2,2,2,3,3,3,4,4,4,4,4,32,0,2,2.1432326874446517,1.6077299987955485,4.071594998094952,18.0
1609869011,29,GET,/files/view/10000KB?id=86,2.400000,0.000000,2,2,2,2,3,4,5,5,5,5,5,32,0,2,2.154484999437045,1.5408799990836997,4.597920000378508,18.0
1609869011,29,GET,/files/view/10000KB?id=87,2.400000,0.000000,2,2,2,2,3,4,4,4,4,4,4,32,0,2,2.139960249678552,1.6099029999168124,4.123002003325382,18.0
1609869011,29,GET,/files/view/10000KB?id=88,2.400000,0.000000,2,2,2,2,4,6,7,7,7,7,7,32,0,2,2.4305487809215265,1.622425999812549,6.8652209993160795,18.0
1609869011,29,GET,/files/view/10000KB?id=89,2.400000,0.000000,2,2,2,3,3,4,4,4,4,4,4,32,0,2,2.212283093285805,1.6106529983517248,4.160341999522643,18.0
1609869011,29,GET,/files/view/10000KB?id=9,2.400000,0.000000,2,2,2,3,3,4,4,4,4,4,4,34,0,2,2.2478517054396967,1.6333849998773076,3.918483002053108,17.0
1609869011,29,GET,/files/view/10000KB?id=90,2.400000,0.000000,2,2,2,3,4,6,140,140,140,140,140,32,0,2,6.620021343564986,1.5246100010699593,140.76308400035487,18.0
1609869011,29,GET,/files/view/10000KB?id=91,2.400000,0.000000,2,2,2,3,4,11,15,15,15,15,15,32,0,2,2.911182281081892,1.5978769988578279,15.34778699715389,18.0
1609869011,29,GET,/files/view/10000KB?id=92,2.400000,0.000000,2,2,2,2,3,5,7,7,7,7,7,32,0,2,2.1957014063218594,1.5194309999060351,6.875349998153979,18.0
1609869011,29,GET,/files/view/10000KB?id=93,2.400000,0.000000,2,2,2,3,3,4,5,5,5,5,5,32,0,2,2.212937156514272,1.5003689986770041,4.608182000083616,18.0
1609869011,29,GET,/files/view/10000KB?id=94,2.400000,0.000000,2,2,2,2,4,5,6,6,6,6,6,32,0,2,2.311231687713189,1.563058998726774,6.4525350026087835,18.0
1609869011,29,GET,/files/view/10000KB?id=95,2.400000,0.000000,2,2,2,3,3,4,5,5,5,5,5,32,0,2,2.219885124986831,1.570035998156527,4.949161000695312,18.0
1609869011,29,GET,/files/view/10000KB?id=96,2.400000,0.000000,2,2,2,2,3,5,7,7,7,7,7,32,0,2,2.235317812505855,1.5234089987643529,6.611671000428032,18.0
1609869011,29,GET,/files/view/10000KB?id=97,2.300000,0.000000,2,2,2,2,5,5,16,16,16,16,16,32,0,2,2.5874180939808866,1.585635996889323,16.074620001745643,18.0
1609869011,29,GET,/files/view/10000KB?id=98,2.300000,0.000000,2,2,2,3,3,4,6,6,6,6,6,32,0,2,2.197962218815519,1.5352010013884865,6.45258999793441,18.0
1609869011,29,GET,/files/view/10000KB?id=99,2.300000,0.000000,2,2,3,3,4,4,7,7,7,7,7,32,0,2,2.3468288436561124,1.5414430017699488,6.778618997486774,18.0
1609869011,29,,Aggregated,239.700000,0.000000,2,2,2,3,3,4,5,7,140,170,170,3328,0,2,2.485832035144033,1.4726699992024805,169.01720399982878,17.89783653846154
1609869012,32,GET,/files/view/10000KB?id=0,2.400000,0.000000,4,4,5,5,5,7,17,17,17,17,17,36,0,4,4.4134558609382815,2.1558179978455883,16.768301000411157,17.0
1609869012,32,GET,/files/view/10000KB?id=1,2.400000,0.000000,2,3,3,3,3,4,4,4,4,4,4,36,0,2,2.409217832892965,1.7020199993567076,4.141937002714258,17.0
1609869012,32,GET,/files/view/10000KB?id=10,2.400000,0.000000,2,2,3,3,4,5,6,6,6,6,6,36,0,2,2.3476984724766226,1.6473939977004193,5.794151998998132,18.0
1609869012,32,GET,/files/view/10000KB?id=11,2.400000,0.000000,2,2,2,2,3,4,4,4,4,4,4,36,0,2,2.163450305488368,1.4998459992057178,3.9820679994591046,18.0
1609869012,32,GET,/files/view/10000KB?id=12,2.400000,0.000000,2,2,2,3,3,5,5,5,5,5,5,36,0,2,2.2854640004273583,1.6153750002558809,5.094113999803085,18.0
1609869012,32,GET,/files/view/10000KB?id=13,2.400000,0.000000,2,2,3,3,3,4,5,5,5,5,5,36,0,2,2.2840116109566426,1.5845720008655917,4.704406001110328,18.0
1609869012,32,GET,/files/view/10000KB?id=14,2.400000,0.000000,2,2,3,3,4,5,5,5,5,5,5,36,0,2,2.466036861126971,1.6243540012510493,5.337103000783827,18.0
1609869012,32,GET,/files/view/10000KB?id=15,2.400000,0.000000,2,2,3,3,3,6,6,6,6,6,6,36,0,2,2.372537611235101,1.6140959996846505,6.285507999564288,18.0
1609869012,32,GET,/files/view/10000KB?id=16,2.400000,0.000000,2,2,3,3,3,6,8,8,8,8,8,36,0,2,2.426066055401558,1.621666997380089,7.670972001506016,18.0
1609869012,32,GET,/files/view/10000KB?id=17,2.400000,0.000000,2,2,3,3,3,5,5,5,5,5,5,36,0,2,2.2433826388805755,1.5468790006707422,5.2493949988274835,18.0
1609869012,32,GET,/files/view/10000KB?id=18,2.400000,0.000000,2,2,2,2,3,4,6,6,6,6,6,36,0,2,2.2195540834420373,1.51806400026544,5.743413999880431,18.0
1609869012,32,GET,/files/view/10000KB?id=19,2.400000,0.000000,2,2,2,3,3,4,6,6,6,6,6,36,0,2,2.3065500279497226,1.6277460017590784,5.910129999392666,18.0
1609869012,32,GET,/files/view/10000KB?id=2,2.400000,0.000000,2,2,2,3,3,5,5,5,5,5,5,36,0,2,2.346972194573027,1.6487619977851864,4.83678599994164,17.0
1609869012,32,GET,/files/view/10000KB?id=20,2.400000,0.000000,2,2,2,2,3,5,6,6,6,6,6,36,0,2,2.3048136945362785,1.5935979972709902,5.684316001861589,18.0
1609869012,32,GET,/files/view/10000KB?id=21,2.400000,0.000000,2,2,2,3,4,4,6,6,6,6,6,36,0,2,2.280412332867046,1.5794809987710323,5.891818000236526,18.0
1609869012,32,GET,/files/view/10000KB?id=22,2.400000,0.000000,2,2,2,3,3,4,6,6,6,6,6,36,0,2,2.244570305568535,1.604733999556629,5.5617549987800885,18.0
1609869012,32,GET,/files/view/10000KB?id=23,2.400000,0.000000,2,2,2,3,3,4,4,4,4,4,4,36,0,2,2.233964777587971,1.5892029987298883,4.008956002508057,18.0
1609869012,32,GET,/files/view/10000KB?id=24,2.400000,0.000000,2,2,3,3,3,3,4,4,4,4,4,36,0,2,2.160249361117571,1.5944209990266245,4.342796000855742,18.0
1609869012,32,GET,/files/view/10000KB?id=25,2.400000,0.000000,2,2,2,3,3,5,5,5,5,5,5,36,0,2,2.249913250125246,1.563931000418961,4.858261003391817,18.0
1609869012,32,GET,/files/view/10000KB?id=26,2.400000,0.000000,2,2,3,3,3,4,4,4,4,4,4,36,0,2,2.158935888777099,1.5512889985984657,3.9260980011022184,18.0
1609869012,32,GET,/files/view/10000KB?id=27,2.400000,0.000000,2,2,3,3,3,3,4,4,4,4,4,36,0,2,2.186122527847248,1.5474070023628883,3.8927680034248624,18.0
1609869012,32,GET,/files/view/10000KB?id=28,2.400000,0.000000,2,2,3,3,3,3,9,9,9,9,9,36,0,2,2.248433860384264,1.532173999294173,8.642632998089539,18.0
1609869012,32,GET,/files/view/10000KB?id=29,2.400000,0.000000,2,2,2,3,3,4,7,7,7,7,7,36,0,2,2.24547308355088,1.5927109998301603,6.892200002766913,18.0
1609869012,32,GET,/files/view/10000KB?id=3,2.400000,0.000000,2,2,3,3,4,5,15,15,15,15,15,36,0,2,2.7123979167906023,1.6410950011049863,15.254532998369541,17.0
1609869012,32,GET,/files/view/10000KB?id=30,2.400000,0.000000,2,2,2,3,3,3,4,4,4,4,4,36,0,2,2.1286703611420106,1.5589889990224037,3.5661469992191996,18.0
1609869012,32,GET,/files/view/10000KB?id=31,2.400000,0.000000,2,2,3,3,3,5,18,18,18,18,18,36,0,2,2.5934888608389883,1.6034059990488458,17.868996001197957,18.0
1609869012,32,GET,/files/view/10000KB?id=32,2.400000,0.000000,2,2,2,2,3,3,11,11,11,11,11,36,0,2,2.3227246940425377,1.5590879993396811,10.673752000002423,18.0
1609869012,32,GET,/files/view/10000KB?id=33,2.400000,0.000000,2,2,2,2,3,3,21,21,21,21,21,36,0,2,2.601398944433539,1.5776670006744098,20.88719899984426,18.0
1609869012,32,GET,/files/view/10000KB?id=34,2.400000,0.000000,2,2,2,2,3,3,5,5,5,5,5,36,0,2,2.182675499979167,1.5743299991299864,5.127084001287585,18.0
1609869012,32,GET,/files/view/10000KB?id=35,2.400000,0.000000,2,2,2,2,3,3,7,7,7,7,7,36,0,2,2.252647361072175,1.5180260015768,7.1680479995848145,18.0
1609869012,32,GET,/files/view/10000KB?id=36,2.400000,0.000000,2,2,2,2,3,3,3,3,3,3,3,36,0,2,2.093424722261261,1.5504299990425352,3.3348910001222976,18.0
1609869012,32,GET,/files/view/10000KB?id=37,2.400000,0.000000,2,2,3,3,3,3,3,3,3,3,3,36,0,2,2.1520551666374863,1.5283259999705479,3.4278890016139485,18.0
1609869012,32,GET,/files/view/10000KB?id=38,2.400000,0.000000,2,2,3,3,3,3,3,3,3,3,3,36,0,2,2.1507892222669196,1.521570000477368,3.3049890007532667,18.0
1609869012,32,GET,/files/view/10000KB?id=39,2.400000,0.000000,2,2,3,3,3,3,3,3,3,3,3,36,0,2,2.260420861400942,1.493091996962903,3.429960001085419,18.0
1609869012,32,GET,/files/view/10000KB?id=4,2.400000,0.000000,2,2,3,3,5,6,170,170,170,170,170,36,0,2,7.041653777378087,1.4807289990130812,169.01720399982878,17.0
1609869012,32,GET,/files/view/10000KB?id=40,2.400000,0.000000,2,2,3,3,3,3,3,3,3,3,3,36,0,2,2.115376888670855,1.5074680013640318,3.4535529994172975,18.0
1609869012,32,GET,/files/view/10000KB?id=41,2.400000,0.000000,2,2,3,3,3,3,3,3,3,3,3,36,0,2,2.0893218610985462,1.606174002517946,3.3427899979869835,18.0
1609869012,32,GET,/files/view/10000KB?id=42,2.400000,0.000000,2,2,2,2,3,4,4,4,4,4,4,36,0,2,2.143790388597861,1.6279359988402575,3.8517479988513514,18.0
1609869012,32,GET,/files/view/10000KB?id=43,2.400000,0.000000,2,2,3,3,3,13,13,13,13,13,13,36,0,2,2.7508832500744678,1.5623990002495702,13.272972999402555,18.0
1609869012,32,GET,/files/view/10000KB?id=44,2.400000,0.000000,2,2,2,2,3,3,4,4,4,4,4,36,0,2,2.1289720832808396,1.5546989998256322,3.8104829982330557,18.0
1609869012,32,GET,/files/view/10000KB?id=45,2.400000,0.000000,2,2,2,2,3,3,4,4,4,4,4,36,0,2,2.056137888959913,1.5384020007331856,4.3047639992437325,18.0
1609869012,32,GET,/files/view/10000KB?id=46,2.400000,0.000000,2,2,2,2,3,4,4,4,4,4,4,36,0,2,2.139248444513618,1.5720499977760483,3.787711000768468,18.0
1609869012,32,GET,/files/view/10000KB?id=47,2.400000,0.000000,2,2,2,2,3,3,3,3,3,3,3,36,0,2,2.115346416657202,1.5809910000825766,3.4771220016409643,18.0
1609869012,32,GET,/files/view/10000KB?id=48,2.400000,0.000000,2,2,3,3,3,3,3,3,3,3,3,36,0,2,2.1345587774703745,1.584787001775112,3.28443100079312,18.0
1609869012,32,GET,/files/view/10000KB?id=49,2.400000,0.000000,2,2,2,2,3,3,5,5,5,5,5,36,0,2,2.1072566942166304,1.5983949997462332,5.322715998772765,18.0
1609869012,32,GET,/files/view/10000KB?id=5,2.400000,0.000000,2,2,3,3,4,13,13,13,13,13,13,36,0,2,2.9502081666174087,1.6139009967446327,13.173755000025267,17.0
1609869012,32,GET,/files/view/10000KB?id=50,2.400000,0.000000,2,2,2,2,3,3,4,4,4,4,4,36,0,2,2.0868290832570184,1.6123839995998424,3.7682789989048615,18.0
1609869012,32,GET,/files/view/10000KB?id=51,2.400000,0.000000,2,2,2,2,3,3,3,3,3,3,3,36,0,2,1.9602954723975725,1.5107729996088892,2.853370999218896,18.0
1609869012,32,GET,/files/view/10000KB?id=52,2.400000,0.000000,2,2,2,3,3,3,3,3,3,3,3,36,0,2,2.030913360916505,1.5590840012009721,3.1194550028885715,18.0
1609869012,32,GET,/files/view/10000KB?id=53,2.400000,0.000000,2,2,3,3,3,3,4,4,4,4,4,36,0,2,2.1474033050657857,1.5368770000350196,3.544129998772405,18.0
1609869012,32,GET,/files/view/10000KB?id=54,2.400000,0.000000,2,2,2,2,3,4,6,6,6,6,6,36,0,2,2.1832176392611777,1.5939969998726156,5.543788000068162,18.0
1609869012,32,GET,/files/view/10000KB?id=55,2.400000,0.000000,2,2,3,3,3,3,3,3,3,3,3,36,0,2,2.0828090275447013,1.504908999777399,3.097972999967169,18.0
1609869012,32,GET,/files/view/10000KB?id=56,2.400000,0.000000,2,2,2,3,3,3,6,6,6,6,6,36,0,2,2.196151889014194,1.5536369974142872,6.0062749980716035,18.0
1609869012,32,GET,/files/view/10000KB?id=57,2.400000,0.000000,2,2,2,3,3,3,3,3,3,3,3,36,0,2,2.1263888052595172,1.4921939982741605,3.21262299985392,18.0
1609869012,32,GET,/files/view/10000KB?id=58,2.400000,0.000000,2,2,3,3,3,10,150,150,150,150,150,36,0,2,6.462135999855592,1.5900670005066786,149.35711200087098,18.0
1609869012,32,GET,/files/view/10000KB?id=59,2.400000,0.000000,2,2,3,3,3,4,4,4,4,4,4,36,0,2,2.2176245558714274,1.525310999568319,3.9299810014199466,18.0
1609869012,32,GET,/files/view/10000KB?id=6,2.400000,0.000000,2,2,3,3,4,5,5,5,5,5,5,36,0,2,2.4077762779294667,1.5724279983260203,5.40378799996688,17.0
1609869012,32,GET,/files/view/10000KB?id=60,2.400000,0.000000,2,2,2,2,3,4,6,6,6,6,6,36,0,2,2.276436639173577,1.5435220011568163,5.663989999447949,18.0
1609869012,32,GET,/files/view/10000KB?id=61,2.400000,0.000000,2,2,3,3,3,4,5,5,5,5,5,36,0,2,2.253666777707824,1.488507001340622,4.857528998400085,18.0
1609869012,32,GET,/files/view/10000KB?id=62,2.400000,0.000000,2,2,2,2,4,6,12,12,12,12,12,36,0,2,2.4991942779403566,1.5520940032729413,11.75385199894663,18.0
1609869012,32,GET,/files/view/10000KB?id=63,2.400000,0.000000,2,2,2,2,3,3,4,4,4,4,4,36,0,2,2.132162139484232,1.4980970008764416,3.836506999505218,18.0
1609869012,32,GET,/files/view/10000KB?id=64,2.400000,0.000000,2,2,2,2,3,4,4,4,4,4,4,36,0,2,2.157832944552259,1.59428100232617,4.438420000951737,18.0
1609869012,32,GET,/files/view/10000KB?id=65,2.400000,0.000000,2,2,2,3,3,4,4,4,4,4,4,36,0,2,2.1793148892660006,1.5435419991263188,4.02114300231915,18.0
1609869012,32,GET,/files/view/10000KB?id=66,2.400000,0.000000,2,2,3,3,3,8,12,12,12,12,12,36,0,2,2.574514916583818,1.5166070006671362,12.009796999336686,18.0
1609869012,32,GET,/files/view/10000KB?id=67,2.400000,0.000000,2,2,2,2,3,3,5,5,5,5,5,36,0,2,2.098657472844126,1.5853520017117262,4.744523001136258,18.0
1609869012,32,GET,/files/view/10000KB?id=68,2.400000,0.000000,2,2,3,3,5,11,18,18,18,18,18,36,0,2,2.950384110893841,1.6379619992221706,17.85704500071006,18.0
1609869012,32,GET,/files/view/10000KB?id=69,2.400000,0.000000,2,2,2,3,3,3,4,4,4,4,4,36,0,2,2.1485082501789696,1.5790580000611953,4.182395001407713,18.0
1609869012,32,GET,/files/view/10000KB?id=7,2.400000,0.000000,2,2,2,2,3,4,4,4,4,4,4,36,0,2,2.293887972276328,1.544835999084171,4.2440200013516005,17.0
1609869012,32,GET,/files/view/10000KB?id=70,2.400000,0.000000,2,2,2,2,3,5,6,6,6,6,6,36,0,2,2.1662693055380564,1.5718619979452342,5.533760999242077,18.0
1609869012,32,GET,/files/view/10000KB?id=71,2.400000,0.000000,2,2,2,3,3,3,4,4,4,4,4,36,0,2,2.078337444294852,1.540792000014335,3.884013000060804,18.0
1609869012,32,GET,/files/view/10000KB?id=72,2.400000,0.000000,2,2,2,2,3,3,5,5,5,5,5,36,0,2,2.094977999958145,1.4726699992024805,4.571885998302605,18.0
1609869012,32,GET,/files/view/10000KB?id=73,2.400000,0.000000,2,2,2,3,3,6,9,9,9,9,9,36,0,2,2.388696167347209,1.5762389994051773,8.977362998848548,18.0
1609869012,32,GET,/files/view/10000KB?id=74,2.400000,0.000000,2,2,2,3,3,9,140,140,140,140,140,36,0,2,6.093459444552233,1.5056390002428088,138.41751699874294,18.0
1609869012,32,GET,/files/view/10000KB?id=75,2.400000,0.000000,2,2,2,3,3,5,15,15,15,15,15,36,0,2,2.4959673331371355,1.5448550002474803,14.620518002629979,18.0
1609869012,32,GET,/files/view/10000KB?id=76,2.400000,0.000000,2,2,2,2,4,5,6,6,6,6,6,36,0,2,2.299199222357452,1.5329839989135507,6.3104670007305685,18.0
1609869012,32,GET,/files/view/10000KB?id=77,2.400000,0.000000,2,2,2,3,3,5,5,5,5,5,5,36,0,2,2.289495166425897,1.581276002980303,5.022659999667667,18.0
1609869012,32,GET,/files/view/10000KB?id=78,2.400000,0.000000,2,2,2,3,4,5,7,7,7,7,7,36,0,2,2.2722975835576005,1.5234490019793157,6.812319999880856,18.0
1609869012,32,GET,/files/view/10000KB?id=79,2.400000,0.000000,2,2,3,3,3,5,5,5,5,5,5,36,0,2,2.247735889189547,1.4915280007699039,4.895764999673702,18.0
1609869012,32,GET,/files/view/10000KB?id=8,2.400000,0.000000,2,2,2,2,3,5,5,5,5,5,5,36,0,2,2.2778164171136774,1.5630800007784273,5.057952999777626,17.0
1609869012,32,GET,/files/view/10000KB?id=80,2.400000,0.000000,2,2,3,3,4,6,7,7,7,7,7,36,0,2,2.3394861945133822,1.479817001381889,7.104154999979073,18.0
1609869012,32,GET,/files/view/10000KB?id=81,2.400000,0.000000,2,2,3,3,3,4,5,5,5,5,5,36,0,2,2.1460716670844704,1.5652930014766753,4.630144001566805,18.0
1609869012,32,GET,/files/view/10000KB?id=82,2.400000,0.000000,2,2,2,2,4,5,5,5,5,5,5,36,0,2,2.1861449443652723,1.5334800009441096,5.377409997890936,18.0
1609869012,32,GET,/files/view/10000KB?id=83,2.400000,0.000000,2,2,3,3,3,4,4,4,4,4,4,36,0,2,2.151591583444517,1.5417659997183364,4.026369002531283,18.0
1609869012,32,GET,/files/view/10000KB?id=84,2.400000,0.000000,2,2,3,3,4,4,5,5,5,5,5,36,0,2,2.260023638983613,1.5492370002903044,5.3544750007858966,18.0
1609869012,32,GET,/files/view/10000KB?id=85,2.400000,0.000000,2,2,2,3,3,3,4,4,4,4,4,36,0,2,2.13764049991975,1.48710299981758,4.071594998094952,18.0
1609869012,32,GET,/files/view/10000KB?id=86,2.400000,0.000000,2,2,2,3,3,4,5,5,5,5,5,36,0,2,2.155745721615353,1.5408799990836997,4.597920000378508,18.0
1609869012,32,GET,/files/view/10000KB?id=87,2.400000,0.000000,2,2,3,3,3,4,4,4,4,4,4,36,0,2,2.1617699440968057,1.6099029999168124,4.123002003325382,18.0
1609869012,32,GET,/files/view/10000KB?id=88,2.400000,0.000000,2,2,2,3,4,6,7,7,7,7,7,36,0,2,2.402267221946709,1.6145350018632598,6.8652209993160795,18.0
1609869012,32,GET,/files/view/10000KB?id=89,2.400000,0.000000,2,2,3,3,3,4,4,4,4,4,4,36,0,2,2.204891027354784,1.6106529983517248,4.160341999522643,18.0
1609869012,32,GET,/files/view/10000KB?id=9,2.400000,0.000000,2,2,2,3,3,4,4,4,4,4,4,36,0,2,2.2354702218257847,1.6333849998773076,3.918483002053108,17.0
1609869012,32,GET,/files/view/10000KB?id=90,2.400000,0.000000,2,2,2,3,4,6,140,140,140,140,140,36,0,2,6.129819833101162,1.5246100010699593,140.76308400035487,18.0
1609869012,32,GET,/files/view/10000KB?id=91,2.400000,0.000000,2,2,3,3,4,11,15,15,15,15,15,36,0,2,2.8333668611190257,1.5978769988578279,15.34778699715389,18.0
1609869012,32,GET,/files/view/10000KB?id=92,2.400000,0.000000,2,2,2,2,3,5,7,7,7,7,7,36,0,2,2.189929333225235,1.5194309999060351,6.875349998153979,18.0
1609869012,32,GET,/files/view/10000KB?id=93,2.400000,0.000000,2,2,2,3,3,4,5,5,5,5,5,36,0,2,2.199430139221982,1.5003689986770041,4.608182000083616,18.0
1609869012,32,GET,/files/view/10000KB?id=94,2.400000,0.000000,2,2,2,3,4,5,6,6,6,6,6,36,0,2,2.299889277916615,1.563058998726774,6.4525350026087835,18.0
1609869012,32,GET,/files/view/10000KB?id=95,2.400000,0.000000,2,2,2,3,3,4,5,5,5,5,5,36,0,2,2.2130240002095687,1.570035998156527,4.949161000695312,18.0
1609869012,32,GET,/files/view/10000KB?id=96,2.400000,0.000000,2,2,2,2,3,5,7,7,7,7,7,36,0,2,2.207466249981533,1.5234089987643529,6.611671000428032,18.0
1609869012,32,GET,/files/view/10000KB?id=97,2.300000,0.000000,2,2,2,2,5,5,16,16,16,16,16,36,0,2,2.514798222465389,1.5693220011598896,16.074620001745643,18.0
1609869012,32,GET,/files/view/10000KB?id=98,2.300000,0.000000,2,2,2,3,3,4,6,6,6,6,6,36,0,2,2.1786839722861058,1.4934540013200603,6.45258999793441,18.0
1609869012,32,GET,/files/view/10000KB?id=99,2.300000,0.000000,2,2,3,3,4,4,7,7,7,7,7,36,0,2,2.3209348610180314,1.5414430017699488,6.778618997486774,18.0
1609869012,32,,Aggregated,239.700000,0.000000,2,2,2,3,3,4,5,7,140,170,170,3600,0,2,2.45459538082994,1.4726699992024805,169.01720399982878,17.9
1609869013,34,GET,/files/view/10000KB?id=0,3.000000,0.000000,4,4,4,5,5,6,17,17,17,17,17,41,0,4,4.4198075608242435,2.1558179978455883,16.768301000411157,17.0
1609869013,34,GET,/files/view/10000KB?id=1,3.000000,0.000000,2,3,3,3,3,4,4,4,4,4,4,41,0,2,2.4343273165336208,1.7020199993567076,4.141937002714258,17.0
1609869013,34,GET,/files/view/10000KB?id=10,2.900000,0.000000,2,3,3,3,4,5,6,6,6,6,6,41,0,2,2.497005195281661,1.6473939977004193,6.241384999157162,18.0
1609869013,34,GET,/files/view/10000KB?id=11,2.900000,0.000000,2,2,2,3,3,4,4,4,4,4,4,41,0,2,2.1911101951157366,1.4998459992057178,3.9820679994591046,18.0
1609869013,34,GET,/files/view/10000KB?id=12,2.900000,0.000000,2,2,2,3,3,4,5,5,5,5,5,41,0,2,2.326551244239942,1.6153750002558809,5.094113999803085,18.0
1609869013,34,GET,/files/view/10000KB?id=13,2.800000,0.000000,2,2,3,3,3,4,5,5,5,5,5,41,0,2,2.3493297317699904,1.5845720008655917,4.704406001110328,18.0
1609869013,34,GET,/files/view/10000KB?id=14,2.800000,0.000000,2,3,3,3,4,5,5,5,5,5,5,41,0,2,2.553861731718005,1.6243540012510493,5.337103000783827,18.0
1609869013,34,GET,/files/view/10000KB?id=15,2.800000,0.000000,2,2,3,3,3,4,6,6,6,6,6,41,0,2,2.429235561022524,1.6140959996846505,6.285507999564288,18.0
1609869013,34,GET,/files/view/10000KB?id=16,2.800000,0.000000,2,2,3,3,3,5,8,8,8,8,8,41,0,2,2.5029640730680534,1.621666997380089,7.670972001506016,18.0
1609869013,34,GET,/files/view/10000KB?id=17,2.800000,0.000000,2,2,3,3,3,3,5,5,5,5,5,41,0,2,2.2973648048674677,1.5468790006707422,5.2493949988274835,18.0
1609869013,34,GET,/files/view/10000KB?id=18,2.800000,0.000000,2,2,3,3,3,4,6,6,6,6,6,41,0,2,2.2987301465657697,1.51806400026544,5.743413999880431,18.0
1609869013,34,GET,/files/view/10000KB?id=19,2.800000,0.000000,2,2,3,3,3,3,6,6,6,6,6,41,0,2,2.359198219736998,1.6277460017590784,5.910129999392666,18.0
1609869013,34,GET,/files/view/10000KB?id=2,3.000000,0.000000,2,2,3,3,3,5,5,5,5,5,5,41,0,2,2.4209493416625576,1.6487619977851864,4.83678599994164,17.0
1609869013,34,GET,/files/view/10000KB?id=20,2.800000,0.000000,2,2,2,3,3,5,6,6,6,6,6,41,0,2,2.3694619512974806,1.5935979972709902,5.684316001861589,18.0
1609869013,34,GET,/files/view/10000KB?id=21,2.800000,0.000000,2,2,3,3,4,4,6,6,6,6,6,41,0,2,2.3131905849944947,1.5794809987710323,5.891818000236526,18.0
1609869013,34,GET,/files/view/10000KB?id=22,2.800000,0.000000,2,2,3,3,3,4,6,6,6,6,6,41,0,2,2.3024876097291025,1.604733999556629,5.5617549987800885,18.0
1609869013,34,GET,/files/view/10000KB?id=23,2.800000,0.000000,2,2,3,3,3,3,4,4,4,4,4,41,0,2,2.2575895852308503,1.5892029987298883,4.008956002508057,18.0
1609869013,34,GET,/files/view/10000KB?id=24,2.800000,0.000000,2,2,3,3,3,3,5,5,5,5,5,41,0,2,2.2142685365241315,1.5944209990266245,4.501755996898282,18.0
1609869013,34,GET,/files/view/10000KB?id=25,2.800000,0.000000,2,2,3,3,3,4,5,5,5,5,5,41,0,2,2.2768475854962427,1.563931000418961,4.858261003391817,18.0
1609869013,34,GET,/files/view/10000KB?id=26,2.800000,0.000000,2,2,3,3,3,4,4,4,4,4,4,41,0,2,2.1967141217872976,1.5512889985984657,3.9260980011022184,18.0
1609869013,34,GET,/files/view/10000KB?id=27,2.800000,0.000000,2,2,3,3,3,3,4,4,4,4,4,41,0,2,2.227696292787342,1.5474070023628883,3.998152998974547,18.0
1609869013,34,GET,/files/view/10000KB?id=28,2.800000,0.000000,2,2,3,3,3,3,9,9,9,9,9,41,0,2,2.287055121198092,1.532173999294173,8.642632998089539,18.0
1609869013,34,GET,/files/view/10000KB?id=29,2.800000,0.000000,2,2,3,3,3,4,7,7,7,7,7,41,0,2,2.2800061953780753,1.5927109998301603,6.892200002766913,18.0
1609869013,34,GET,/files/view/10000KB?id=3,3.000000,0.000000,2,2,3,3,4,5,15,15,15,15,15,41,0,2,2.7079581708587686,1.6410950011049863,15.254532998369541,17.0
1609869013,34,GET,/files/view/10000KB?id=30,2.800000,0.000000,2,2,3,3,3,3,4,4,4,4,4,41,0,2,2.2048508048677964,1.5589889990224037,4.0081579973048065,18.0
1609869013,34,GET,/files/view/10000KB?id=31,2.800000,0.000000,2,2,3,3,3,4,18,18,18,18,18,41,0,2,2.579615267988141,1.6034059990488458,17.868996001197957,18.0
1609869013,34,GET,/files/view/10000KB?id=32,2.800000,0.000000,2,2,2,3,3,3,11,11,11,11,11,41,0,2,2.383205097253156,1.5590879993396811,10.673752000002423,18.0
1609869013,34,GET,/files/view/10000KB?id=33,2.800000,0.000000,2,2,2,3,3,3,21,21,21,21,21,41,0,2,2.6463394388861716,1.5776670006744098,20.88719899984426,18.0
1609869013,34,GET,/files/view/10000KB?id=34,2.800000,0.000000,2,2,2,3,3,3,6,6,6,6,6,41,0,2,2.2850437560076142,1.5743299991299864,5.52203500046744,18.0
1609869013,34,GET,/files/view/10000KB?id=35,2.800000,0.000000,2,2,2,3,3,3,7,7,7,7,7,41,0,2,2.2813976096719073,1.5180260015768,7.1680479995848145,18.0
1609869013,34,GET,/files/view/10000KB?id=36,2.800000,0.000000,2,2,2,3,3,3,4,4,4,4,4,41,0,2,2.199201195120312,1.5504299990425352,4.4812689993705135,18.0
1609869013,34,GET,/files/view/10000KB?id=37,2.800000,0.000000,2,2,3,3,3,3,4,4,4,4,4,41,0,2,2.249953268247049,1.5283259999705479,3.9217160010593943,18.0
1609869013,34,GET,/files/view/10000KB?id=38,2.800000,0.000000,2,2,3,3,3,3,4,4,4,4,4,41,0,2,2.267243999972934,1.521570000477368,4.243774001224665,18.0
1609869013,34,GET,/files/view/10000KB?id=39,2.800000,0.000000,2,3,3,3,3,4,4,4,4,4,4,41,0,2,2.3952766101368668,1.493091996962903,4.4997180011705495,18.0
1609869013,34,GET,/files/view/10000KB?id=4,3.000000,0.000000,2,3,3,3,5,6,170,170,170,170,170,41,0,2,6.559018170419887,1.4807289990130812,169.01720399982878,17.0
1609869013,34,GET,/files/view/10000KB?id=40,2.800000,0.000000,2,2,3,3,3,3,6,6,6,6,6,41,0,2,2.2531237072388004,1.5074680013640318,5.654839002090739,18.0
1609869013,34,GET,/files/view/10000KB?id=41,2.800000,0.000000,2,2,3,3,3,4,5,5,5,5,5,41,0,2,2.2532444389781165,1.606174002517946,5.012646000977838,18.0
1609869013,34,GET,/files/view/10000KB?id=42,2.800000,0.000000,2,2,2,3,3,4,4,4,4,4,4,41,0,2,2.2536132680947847,1.6279359988402575,4.115378000278724,18.0
1609869013,34,GET,/files/view/10000KB?id=43,2.800000,0.000000,2,3,3,3,4,6,13,13,13,13,13,41,0,2,2.8576440976970976,1.5623990002495702,13.272972999402555,18.0
1609869013,34,GET,/files/view/10000KB?id=44,2.800000,0.000000,2,2,2,3,3,3,4,4,4,4,4,41,0,2,2.2220264877321867,1.5546989998256322,3.87997000143514,18.0
1609869013,34,GET,/files/view/10000KB?id=45,2.800000,0.000000,2,2,2,3,3,4,5,5,5,5,5,41,0,2,2.2246169514468552,1.5384020007331856,4.5493110010284,18.0
1609869013,34,GET,/files/view/10000KB?id=46,2.800000,0.000000,2,2,2,3,3,4,4,4,4,4,4,41,0,2,2.2565922194100896,1.5720499977760483,3.8558240012207534,18.0
1609869013,34,GET,/files/view/10000KB?id=47,2.800000,0.000000,2,2,2,3,3,3,5,5,5,5,5,41,0,2,2.2564217071659387,1.5809910000825766,4.542942002444761,18.0
1609869013,34,GET,/files/view/10000KB?id=48,2.800000,0.000000,2,2,3,3,3,3,5,5,5,5,5,41,0,2,2.277400609561549,1.584787001775112,4.534068000793923,18.0
1609869013,34,GET,/files/view/10000KB?id=49,2.800000,0.000000,2,2,2,2,3,4,5,5,5,5,5,41,0,2,2.247506194845944,1.5983949997462332,5.322715998772765,18.0
1609869013,34,GET,/files/view/10000KB?id=5,3.000000,0.000000,2,3,3,3,4,4,13,13,13,13,13,41,0,2,2.9252269512032467,1.6139009967446327,13.173755000025267,17.0
1609869013,34,GET,/files/view/10000KB?id=50,2.800000,0.000000,2,2,2,3,3,4,4,4,4,4,4,41,0,2,2.205189707349679,1.6123839995998424,4.304999998566927,18.0
1609869013,34,GET,/files/view/10000KB?id=51,2.800000,0.000000,2,2,2,3,3,3,5,5,5,5,5,41,0,2,2.1080251220754267,1.5107729996088892,4.705686998931924,18.0
1609869013,34,GET,/files/view/10000KB?id=52,2.800000,0.000000,2,2,3,3,3,4,4,4,4,4,4,41,0,2,2.1752607559702906,1.5590840012009721,4.476751000765944,18.0
1609869013,34,GET,/files/view/10000KB?id=53,2.800000,0.000000,2,3,3,3,3,4,5,5,5,5,5,41,0,2,2.2738895850346945,1.5368770000350196,4.53202000062447,18.0
1609869013,34,GET,/files/view/10000KB?id=54,2.800000,0.000000,2,2,2,3,3,4,6,6,6,6,6,41,0,2,2.2874939028796932,1.5939969998726156,5.543788000068162,18.0
1609869013,34,GET,/files/view/10000KB?id=55,2.800000,0.000000,2,2,3,3,3,4,4,4,4,4,4,41,0,2,2.252087755950037,1.504908999777399,4.450671000086004,18.0
1609869013,34,GET,/files/view/10000KB?id=56,2.800000,0.000000,2,2,3,3,3,3,6,6,6,6,6,41,0,2,2.283205122139629,1.5536369974142872,6.0062749980716035,18.0
1609869013,34,GET,/files/view/10000KB?id=57,2.800000,0.000000,2,2,3,3,3,4,5,5,5,5,5,41,0,2,2.288489341281536,1.4921939982741605,4.559403001621831,18.0
1609869013,34,GET,/files/view/10000KB?id=58,2.800000,0.000000,2,3,3,3,3,5,150,150,150,150,150,41,0,2,6.0270642438476125,1.5900670005066786,149.35711200087098,18.0
1609869013,34,GET,/files/view/10000KB?id=59,2.800000,0.000000,2,2,3,3,4,4,5,5,5,5,5,41,0,2,2.36296819550661,1.525310999568319,4.872370001976378,18.0
1609869013,34,GET,/files/view/10000KB?id=6,3.000000,0.000000,2,2,3,3,4,5,5,5,5,5,5,41,0,2,2.4669991221233474,1.5724279983260203,5.40378799996688,17.0
1609869013,34,GET,/files/view/10000KB?id=60,2.800000,0.000000,2,2,2,3,4,4,6,6,6,6,6,41,0,2,2.361309000240531,1.5435220011568163,5.663989999447949,18.0
1609869013,34,GET,/files/view/10000KB?id=61,2.800000,0.000000,2,2,3,3,4,5,5,5,5,5,5,41,0,2,2.4159622681043222,1.488507001340622,5.0176079967059195,18.0
1609869013,34,GET,/files/view/10000KB?id=62,2.800000,0.000000,2,2,2,3,4,5,12,12,12,12,12,41,0,2,2.5909948295831295,1.5520940032729413,11.75385199894663,18.0
1609869013,34,GET,/files/view/10000KB?id=63,2.800000,0.000000,2,2,3,3,3,4,5,5,5,5,5,41,0,2,2.2733789760755694,1.4980970008764416,4.614506997313583,18.0
1609869013,34,GET,/files/view/10000KB?id=64,2.800000,0.000000,2,2,2,2,3,4,5,5,5,5,5,41,0,2,2.262959878152753,1.59428100232617,5.378552999900421,18.0
1609869013,34,GET,/files/view/10000KB?id=65,2.800000,0.000000,2,2,2,3,3,4,5,5,5,5,5,41,0,2,2.263750512367285,1.5435419991263188,4.787652000231901,18.0
1609869013,34,GET,/files/view/10000KB?id=66,2.800000,0.000000,2,2,3,3,3,5,12,12,12,12,12,41,0,2,2.596374707248221,1.5166070006671362,12.009796999336686,18.0
1609869013,34,GET,/files/view/10000KB?id=67,2.800000,0.000000,2,2,2,2,3,3,5,5,5,5,5,41,0,2,2.178465341918437,1.5853520017117262,4.882373999862466,18.0
1609869013,34,GET,/files/view/10000KB?id=68,2.800000,0.000000,2,2,3,3,5,5,18,18,18,18,18,41,0,2,2.9497744633373237,1.6379619992221706,17.85704500071006,18.0
1609869013,34,GET,/files/view/10000KB?id=69,2.800000,0.000000,2,2,2,3,3,4,5,5,5,5,5,41,0,2,2.2339021708786477,1.5790580000611953,5.02538599903346,18.0
1609869013,34,GET,/files/view/10000KB?id=7,3.000000,0.000000,2,2,2,3,3,4,4,4,4,4,4,41,0,2,2.3355937317807354,1.544835999084171,4.2440200013516005,17.0
1609869013,34,GET,/files/view/10000KB?id=70,2.800000,0.000000,2,2,2,3,3,5,6,6,6,6,6,41,0,2,2.267622951277611,1.5718619979452342,5.638149999867892,18.0
1609869013,34,GET,/files/view/10000KB?id=71,2.800000,0.000000,2,2,2,3,3,4,6,6,6,6,6,41,0,2,2.213896634113952,1.540792000014335,5.561547000979772,18.0
1609869013,34,GET,/files/view/10000KB?id=72,2.800000,0.000000,2,2,2,2,3,3,5,5,5,5,5,41,0,2,2.1605979513324423,1.4726699992024805,4.571885998302605,18.0
1609869013,34,GET,/files/view/10000KB?id=73,2.800000,0.000000,2,2,2,3,4,5,9,9,9,9,9,41,0,2,2.433332293305018,1.5762389994051773,8.977362998848548,18.0
1609869013,34,GET,/files/view/10000KB?id=74,2.800000,0.000000,2,2,2,3,4,6,140,140,140,140,140,41,0,2,5.676987390271701,1.5056390002428088,138.41751699874294,18.0
1609869013,34,GET,/files/view/10000KB?id=75,2.800000,0.000000,2,2,2,3,3,5,15,15,15,15,15,41,0,2,2.4986183656792713,1.5448550002474803,14.620518002629979,18.0
1609869013,34,GET,/files/view/10000KB?id=76,2.800000,0.000000,2,2,2,3,4,5,6,6,6,6,6,41,0,2,2.3604253902903576,1.5329839989135507,6.3104670007305685,18.0
1609869013,34,GET,/files/view/10000KB?id=77,2.800000,0.000000,2,2,2,3,3,5,5,5,5,5,5,41,0,2,2.318857219329291,1.581276002980303,5.022659999667667,18.0
1609869013,34,GET,/files/view/10000KB?id=78,2.800000,0.000000,2,2,2,3,4,4,7,7,7,7,7,41,0,2,2.3242759026044686,1.5234490019793157,6.812319999880856,18.0
1609869013,34,GET,/files/view/10000KB?id=79,2.800000,0.000000,2,3,3,3,3,4,5,5,5,5,5,41,0,2,2.309883439277367,1.4915280007699039,4.895764999673702,18.0
1609869013,34,GET,/files/view/10000KB?id=8,3.000000,0.000000,2,2,3,3,3,5,5,5,5,5,5,41,0,2,2.3461450736049745,1.5630800007784273,5.057952999777626,17.0
1609869013,34,GET,/files/view/10000KB?id=80,2.800000,0.000000,2,2,3,3,4,4,7,7,7,7,7,41,0,2,2.423037073263336,1.479817001381889,7.104154999979073,18.0
1609869013,34,GET,/files/view/10000KB?id=81,2.800000,0.000000,2,2,3,3,3,4,5,5,5,5,5,41,0,2,2.2089450491277116,1.5652930014766753,4.630144001566805,18.0
1609869013,34,GET,/files/view/10000KB?id=82,2.800000,0.000000,2,2,2,3,4,4,5,5,5,5,5,41,0,2,2.260869292601966,1.5334800009441096,5.377409997890936,18.0
1609869013,34,GET,/files/view/10000KB?id=83,2.800000,0.000000,2,2,3,3,3,4,5,5,5,5,5,41,0,2,2.2396769025185566,1.5417659997183364,4.544265000731684,18.0
1609869013,34,GET,/files/view/10000KB?id=84,2.800000,0.000000,2,3,3,3,4,4,5,5,5,5,5,41,0,2,2.3102450001560344,1.5492370002903044,5.3544750007858966,18.0
1609869013,34,GET,/files/view/10000KB?id=85,2.800000,0.000000,2,2,3,3,3,4,4,4,4,4,4,41,0,2,2.2275071461946228,1.48710299981758,4.4548810001288075,18.0
1609869013,34,GET,/files/view/10000KB?id=86,2.800000,0.000000,2,2,3,3,3,4,5,5,5,5,5,41,0,2,2.2080179994923017,1.5133170018089004,4.597920000378508,18.0
1609869013,34,GET,/files/view/10000KB?id=87,2.800000,0.000000,2,2,3,3,4,4,4,4,4,4,4,41,0,2,2.239243414273582,1.5040910002426244,4.33705500108772,18.0
1609869013,34,GET,/files/view/10000KB?id=88,2.800000,0.000000,2,2,3,3,4,5,7,7,7,7,7,41,0,2,2.4550028290654953,1.6145350018632598,6.8652209993160795,18.0
1609869013,34,GET,/files/view/10000KB?id=89,2.800000,0.000000,2,2,3,3,4,4,4,4,4,4,4,41,0,2,2.293750975318622,1.6106529983517248,4.4594550017791335,18.0
1609869013,34,GET,/files/view/10000KB?id=9,3.000000,0.000000,2,2,3,3,3,4,4,4,4,4,4,41,0,2,2.2873458776923985,1.6333849998773076,3.918483002053108,17.0
1609869013,34,GET,/files/view/10000KB?id=90,2.800000,0.000000,2,2,3,3,4,5,140,140,140,140,140,41,0,2,5.728106658264041,1.5246100010699593,140.76308400035487,18.0
1609869013,34,GET,/files/view/10000KB?id=91,2.800000,0.000000,2,2,3,3,4,5,15,15,15,15,15,41,0,2,2.8143197804882485,1.5978769988578279,15.34778699715389,18.0
1609869013,34,GET,/files/view/10000KB?id=92,2.800000,0.000000,2,2,2,3,4,4,7,7,7,7,7,41,0,2,2.2744666583581954,1.5194309999060351,6.875349998153979,18.0
1609869013,34,GET,/files/view/10000KB?id=93,2.800000,0.000000,2,2,3,3,3,4,5,5,5,5,5,41,0,2,2.264111805100295,1.5003689986770041,4.608182000083616,18.0
1609869013,34,GET,/files/view/10000KB?id=94,2.800000,0.000000,2,2,3,3,4,5,6,6,6,6,6,41,0,2,2.3790653172998244,1.563058998726774,6.4525350026087835,18.0
1609869013,34,GET,/files/view/10000KB?id=95,2.800000,0.000000,2,2,3,3,3,4,5,5,5,5,5,41,0,2,2.275414561243052,1.570035998156527,4.949161000695312,18.0
1609869013,34,GET,/files/view/10000KB?id=96,2.800000,0.000000,2,2,2,3,4,5,7,7,7,7,7,41,0,2,2.2909077803289133,1.5234089987643529,6.611671000428032,18.0
1609869013,34,GET,/files/view/10000KB?id=97,2.700000,0.000000,2,2,2,3,4,5,16,16,16,16,16,41,0,2,2.5516950001651932,1.5693220011598896,16.074620001745643,18.0
1609869013,34,GET,/files/view/10000KB?id=98,2.700000,0.000000,2,2,3,3,4,4,6,6,6,6,6,41,0,2,2.2573344633600776,1.4934540013200603,6.45258999793441,18.0
1609869013,34,GET,/files/view/10000KB?id=99,2.700000,0.000000,2,2,3,3,4,5,7,7,7,7,7,40,0,2,2.4170433248400514,1.5414430017699488,6.778618997486774,18.0
1609869013,34,,Aggregated,282.000000,0.000000,2,2,3,3,3,4,5,6,21,170,170,4099,0,2,2.5110445369621015,1.4726699992024805,169.01720399982878,17.899975603805807
1609869014,37,GET,/files/view/10000KB?id=0,2.900000,0.000000,4,4,4,5,5,6,17,17,17,17,17,46,0,4,4.356948173786488,2.1558179978455883,16.768301000411157,17.0
1609869014,37,GET,/files/view/10000KB?id=1,2.900000,0.000000,2,3,3,3,3,4,4,4,4,4,4,46,0,2,2.477130282188781,1.7020199993567076,4.141937002714258,17.0
1609869014,37,GET,/files/view/10000KB?id=10,2.900000,0.000000,2,3,3,3,5,5,6,6,6,6,6,46,0,2,2.563712500135728,1.6473939977004193,6.241384999157162,18.0
1609869014,37,GET,/files/view/10000KB?id=11,2.900000,0.000000,2,2,3,3,3,4,4,4,4,4,4,46,0,2,2.2538107391680926,1.4998459992057178,3.9820679994591046,18.0
1609869014,37,GET,/files/view/10000KB?id=12,2.900000,0.000000,2,2,3,3,4,5,5,5,5,5,5,46,0,2,2.422815717775096,1.6153750002558809,5.094113999803085,18.0
1609869014,37,GET,/files/view/10000KB?id=13,2.900000,0.000000,2,3,3,3,3,4,5,5,5,5,5,46,0,2,2.384908521771254,1.5845720008655917,4.704406001110328,18.0
1609869014,37,GET,/files/view/10000KB?id=14,2.900000,0.000000,2,3,3,3,4,5,5,5,5,5,5,46,0,2,2.5978076521467934,1.6243540012510493,5.337103000783827,18.0
1609869014,37,GET,/files/view/10000KB?id=15,2.900000,0.000000,2,3,3,3,3,4,6,6,6,6,6,46,0,2,2.4564019783176025,1.6140959996846505,6.285507999564288,18.0
1609869014,37,GET,/files/view/10000KB?id=16,2.900000,0.000000,2,3,3,3,3,5,8,8,8,8,8,46,0,2,2.553327238986284,1.621666997380089,7.670972001506016,18.0
1609869014,37,GET,/files/view/10000KB?id=17,2.900000,0.000000,2,3,3,3,3,4,5,5,5,5,5,46,0,2,2.361805304288915,1.5468790006707422,5.2493949988274835,18.0
1609869014,37,GET,/files/view/10000KB?id=18,2.900000,0.000000,2,2,3,3,4,5,6,6,6,6,6,46,0,2,2.403476848089865,1.51806400026544,5.743413999880431,18.0
1609869014,37,GET,/files/view/10000KB?id=19,2.900000,0.000000,2,3,3,3,3,4,6,6,6,6,6,46,0,2,2.4533976523778858,1.5369579996331595,5.910129999392666,18.0
1609869014,37,GET,/files/view/10000KB?id=2,2.900000,0.000000,2,3,3,3,4,5,5,5,5,5,5,46,0,2,2.4741732827153653,1.6487619977851864,4.83678599994164,17.0
1609869014,37,GET,/files/view/10000KB?id=20,2.900000,0.000000,2,2,3,3,5,5,6,6,6,6,6,46,0,2,2.518225673987257,1.5935979972709902,5.684316001861589,18.0
1609869014,37,GET,/files/view/10000KB?id=21,2.900000,0.000000,2,2,3,3,4,4,6,6,6,6,6,46,0,2,2.389972456117191,1.5794809987710323,5.891818000236526,18.0
1609869014,37,GET,/files/view/10000KB?id=22,2.900000,0.000000,2,2,3,3,4,5,6,6,6,6,6,46,0,2,2.424516130501971,1.604733999556629,5.5617549987800885,18.0
1609869014,37,GET,/files/view/10000KB?id=23,2.900000,0.000000,2,2,3,3,3,4,4,4,4,4,4,46,0,2,2.3398627173541486,1.5892029987298883,4.008956002508057,18.0
1609869014,37,GET,/files/view/10000KB?id=24,2.900000,0.000000,2,3,3,3,4,4,5,5,5,5,5,46,0,2,2.3684817391293347,1.5944209990266245,4.5038809985271655,18.0
1609869014,37,GET,/files/view/10000KB?id=25,2.900000,0.000000,2,2,3,3,4,5,5,5,5,5,5,46,0,2,2.402308913113539,1.563931000418961,5.191118998482125,18.0
1609869014,37,GET,/files/view/10000KB?id=26,2.900000,0.000000,2,3,3,3,4,4,5,5,5,5,5,46,0,2,2.32207030421705,1.5512889985984657,4.545194002275821,18.0
1609869014,37,GET,/files/view/10000KB?id=27,2.900000,0.000000,2,3,3,3,3,4,4,4,4,4,4,46,0,2,2.3438423913435344,1.5474070023628883,4.2182119977951515,18.0
1609869014,37,GET,/files/view/10000KB?id=28,2.900000,0.000000,2,3,3,3,4,4,9,9,9,9,9,46,0,2,2.4258592818470155,1.532173999294173,8.642632998089539,18.0
1609869014,37,GET,/files/view/10000KB?id=29,2.900000,0.000000,2,2,3,3,4,4,7,7,7,7,7,46,0,2,2.394869413325543,1.5927109998301603,6.892200002766913,18.0
1609869014,37,GET,/files/view/10000KB?id=3,2.900000,0.000000,2,3,3,3,4,5,15,15,15,15,15,46,0,2,2.702694347807783,1.6410950011049863,15.254532998369541,17.0
1609869014,37,GET,/files/view/10000KB?id=30,2.900000,0.000000,2,2,3,3,4,4,4,4,4,4,4,46,0,2,2.3456534781871596,1.5505949995713308,4.4783430021198,18.0
1609869014,37,GET,/files/view/10000KB?id=31,2.900000,0.000000,2,3,3,3,4,4,18,18,18,18,18,46,0,2,2.636063847445336,1.6034059990488458,17.868996001197957,18.0
1609869014,37,GET,/files/view/10000KB?id=32,2.900000,0.000000,2,2,3,3,4,5,11,11,11,11,11,46,0,2,2.5224323692426602,1.5590879993396811,10.673752000002423,18.0
1609869014,37,GET,/files/view/10000KB?id=33,2.900000,0.000000,2,2,3,3,3,4,21,21,21,21,21,46,0,2,2.6821771955482014,1.5776670006744098,20.88719899984426,18.0
1609869014,37,GET,/files/view/10000KB?id=34,3.000000,0.000000,2,2,3,3,4,5,6,6,6,6,6,46,0,2,2.413007695513838,1.5743299991299864,5.52203500046744,18.0
1609869014,37,GET,/files/view/10000KB?id=35,3.000000,0.000000,2,2,3,3,3,4,7,7,7,7,7,46,0,2,2.3665577390720896,1.5180260015768,7.1680479995848145,18.0
1609869014,37,GET,/files/view/10000KB?id=36,3.000000,0.000000,2,2,3,3,4,4,5,5,5,5,5,46,0,2,2.3369178914277735,1.5504299990425352,4.6570070007874165,18.0
1609869014,37,GET,/files/view/10000KB?id=37,3.000000,0.000000,2,3,3,3,3,3,4,4,4,4,4,46,0,2,2.3230874565184503,1.5283259999705479,3.9217160010593943,18.0
1609869014,37,GET,/files/view/10000KB?id=38,3.000000,0.000000,2,3,3,3,4,4,5,5,5,5,5,46,0,2,2.399395043381525,1.521570000477368,4.794123997271527,18.0
1609869014,37,GET,/files/view/10000KB?id=39,3.000000,0.000000,2,3,3,3,3,4,4,4,4,4,4,46,0,2,2.456481087273974,1.493091996962903,4.4997180011705495,18.0
1609869014,37,GET,/files/view/10000KB?id=4,2.900000,0.000000,2,3,3,3,5,6,170,170,170,170,170,46,0,2,6.153187325806989,1.4807289990130812,169.01720399982878,17.0
1609869014,37,GET,/files/view/10000KB?id=40,3.000000,0.000000,2,3,3,3,3,4,6,6,6,6,6,46,0,2,2.380010891062304,1.5074680013640318,5.654839002090739,18.0
1609869014,37,GET,/files/view/10000KB?id=41,3.000000,0.000000,2,3,3,3,3,4,5,5,5,5,5,46,0,2,2.3339848695563292,1.606174002517946,5.012646000977838,18.0
1609869014,37,GET,/files/view/10000KB?id=42,3.000000,0.000000,2,2,3,3,4,4,5,5,5,5,5,46,0,2,2.3847629999300293,1.6279359988402575,4.568276002828497,18.0
1609869014,37,GET,/files/view/10000KB?id=43,3.000000,0.000000,2,3,3,3,4,6,13,13,13,13,13,46,0,2,2.867681260993223,1.5623990002495702,13.272972999402555,18.0
1609869014,37,GET,/files/view/10000KB?id=44,3.000000,0.000000,2,2,3,3,3,4,5,5,5,5,5,46,0,2,2.3495551520919316,1.5546989998256322,4.634025000996189,18.0
1609869014,37,GET,/files/view/10000KB?id=45,3.000000,0.000000,2,2,3,3,4,4,5,5,5,5,5,46,0,2,2.324822782927937,1.5384020007331856,4.5493110010284,18.0
1609869014,37,GET,/files/view/10000KB?id=46,3.000000,0.000000,2,2,3,3,4,4,5,5,5,5,5,46,0,2,2.3681329563734597,1.5720499977760483,4.532617000222672,18.0
1609869014,37,GET,/files/view/10000KB?id=47,3.000000,0.000000,2,2,3,3,3,4,5,5,5,5,5,46,0,2,2.352920499976355,1.5809910000825766,4.542942002444761,18.0
1609869014,37,GET,/files/view/10000KB?id=48,3.000000,0.000000,2,3,3,3,3,4,5,5,5,5,5,46,0,2,2.3615010650246404,1.584787001775112,4.534068000793923,18.0
1609869014,37,GET,/files/view/10000KB?id=49,3.000000,0.000000,2,2,2,3,4,4,5,5,5,5,5,46,0,2,2.3319839563001827,1.5983949997462332,5.322715998772765,18.0
1609869014,37,GET,/files/view/10000KB?id=5,2.900000,0.000000,2,3,3,3,4,4,13,13,13,13,13,46,0,2,2.908581413066713,1.6139009967446327,13.173755000025267,17.0
1609869014,37,GET,/files/view/10000KB?id=50,3.000000,0.000000,2,2,3,3,4,4,5,5,5,5,5,46,0,2,2.302509608774056,1.611108997167321,4.871171000559116,18.0
1609869014,37,GET,/files/view/10000KB?id=51,3.000000,0.000000,2,2,3,3,4,4,5,5,5,5,5,46,0,2,2.2071336089024753,1.5107729996088892,4.705686998931924,18.0
1609869014,37,GET,/files/view/10000KB?id=52,3.000000,0.000000,2,2,3,3,4,4,5,5,5,5,5,46,0,2,2.2966180651723254,1.5590840012009721,5.021750999731012,18.0
1609869014,37,GET,/files/view/10000KB?id=53,3.000000,0.000000,2,3,3,3,4,5,5,5,5,5,5,46,0,2,2.430494977923682,1.5368770000350196,5.3614380012732,18.0
1609869014,37,GET,/files/view/10000KB?id=54,3.000000,0.000000,2,2,3,3,4,4,6,6,6,6,6,46,0,2,2.4107854569592746,1.5939969998726156,5.543788000068162,18.0
1609869014,37,GET,/files/view/10000KB?id=55,3.000000,0.000000,2,3,3,3,4,4,4,4,4,4,4,46,0,2,2.3753838476809706,1.504908999777399,4.469722000067122,18.0
1609869014,37,GET,/files/view/10000KB?id=56,3.000000,0.000000,2,2,3,3,4,4,6,6,6,6,6,46,0,2,2.4238646305805203,1.5536369974142872,6.0062749980716035,18.0
1609869014,37,GET,/files/view/10000KB?id=57,3.000000,0.000000,2,2,3,3,4,5,5,5,5,5,5,46,0,2,2.4295676954036183,1.4921939982741605,5.1595969998743385,18.0
1609869014,37,GET,/files/view/10000KB?id=58,3.000000,0.000000,2,3,3,3,4,5,150,150,150,150,150,46,0,2,5.709575956485502,1.5900670005066786,149.35711200087098,18.0
1609869014,37,GET,/files/view/10000KB?id=59,3.000000,0.000000,2,3,3,3,4,4,5,5,5,5,5,46,0,2,2.492501761203723,1.525310999568319,4.872370001976378,18.0
1609869014,37,GET,/files/view/10000KB?id=6,2.900000,0.000000,2,3,3,3,4,5,5,5,5,5,5,46,0,2,2.5224796306207757,1.5724279983260203,5.40378799996688,17.0
1609869014,37,GET,/files/view/10000KB?id=60,3.000000,0.000000,2,2,3,3,4,4,6,6,6,6,6,46,0,2,2.4269857393570105,1.5435220011568163,5.663989999447949,18.0
1609869014,37,GET,/files/view/10000KB?id=61,3.000000,0.000000,2,3,3,3,4,5,5,5,5,5,5,46,0,2,2.528105108507114,1.488507001340622,5.0176079967059195,18.0
1609869014,37,GET,/files/view/10000KB?id=62,3.000000,0.000000,2,2,3,3,4,5,12,12,12,12,12,46,0,2,2.639199282819628,1.5520940032729413,11.75385199894663,18.0
1609869014,37,GET,/files/view/10000KB?id=63,3.000000,0.000000,2,2,3,3,4,4,5,5,5,5,5,46,0,2,2.402091891702224,1.4980970008764416,4.614506997313583,18.0
1609869014,37,GET,/files/view/10000KB?id=64,3.000000,0.000000,2,2,3,3,3,4,5,5,5,5,5,46,0,2,2.3464874349251064,1.59428100232617,5.378552999900421,18.0
1609869014,37,GET,/files/view/10000KB?id=65,3.000000,0.000000,2,2,3,3,4,4,5,5,5,5,5,46,0,2,2.4037966957067787,1.5435419991263188,4.787652000231901,18.0
1609869014,37,GET,/files/view/10000KB?id=66,3.000000,0.000000,2,3,3,3,4,5,12,12,12,12,12,46,0,2,2.6450686522287508,1.5166070006671362,12.009796999336686,18.0
1609869014,37,GET,/files/view/10000KB?id=67,3.000000,0.000000,2,2,2,3,4,5,5,5,5,5,5,46,0,2,2.3249796525740987,1.5853520017117262,4.882373999862466,18.0
1609869014,37,GET,/files/view/10000KB?id=68,3.000000,0.000000,2,2,3,3,5,5,18,18,18,18,18,46,0,2,2.9647814347339114,1.6379619992221706,17.85704500071006,18.0
1609869014,37,GET,/files/view/10000KB?id=69,3.000000,0.000000,2,2,3,3,4,4,5,5,5,5,5,46,0,2,2.3949314131839303,1.5790580000611953,5.02538599903346,18.0
1609869014,37,GET,/files/view/10000KB?id=7,2.900000,0.000000,2,2,3,3,3,4,4,4,4,4,4,46,0,2,2.3813828045050562,1.544835999084171,4.2440200013516005,17.0
1609869014,37,GET,/files/view/10000KB?id=70,3.000000,0.000000,2,2,3,3,3,5,6,6,6,6,6,46,0,2,2.3562343696697927,1.5718619979452342,5.638149999867892,18.0
1609869014,37,GET,/files/view/10000KB?id=71,3.000000,0.000000,2,2,3,3,4,5,7,7,7,7,7,46,0,2,2.4120897174409195,1.540792000014335,7.0633380018989556,18.0
1609869014,37,GET,/files/view/10000KB?id=72,3.000000,0.000000,2,2,3,3,3,4,5,5,5,5,5,46,0,2,2.29314234789142,1.4726699992024805,5.068616999778897,18.0
1609869014,37,GET,/files/view/10000KB?id=73,3.000000,0.000000,2,2,3,3,5,6,9,9,9,9,9,46,0,2,2.6038201526914593,1.5762389994051773,8.977362998848548,18.0
1609869014,37,GET,/files/view/10000KB?id=74,3.000000,0.000000,2,2,3,3,4,6,140,140,140,140,140,46,0,2,5.385683652133119,1.5056390002428088,138.41751699874294,18.0
1609869014,37,GET,/files/view/10000KB?id=75,3.000000,0.000000,2,2,3,3,4,5,15,15,15,15,15,46,0,2,2.6062536084994106,1.5448550002474803,14.620518002629979,18.0
1609869014,37,GET,/files/view/10000KB?id=76,3.000000,0.000000,2,2,3,3,4,5,6,6,6,6,6,46,0,2,2.41824030443082,1.5329839989135507,6.3104670007305685,18.0
